9728
-1
6048
9136
7666
-1
7249
-1
3103
3162
-1
-1
8317
-1
5464
-1
-1
6035
-1
-1
4922
-1
-1
-1
6507
-1
-1
-1
2349
-1
-1
-1
-1
2051
7116
1481
-1
-1
3264
532
5045
6876
-1
1873
8554
2274
-1
5654
-1
1815
9302
158
8265
-1
-1
-1
-1
1924
-1
-1
-1
-1
-1
-1
2791
-1
5679
-1
-1
-1
-1
-1
4932
59
-1
1039
-1
4343
1228
8145
-1
-1
-1
5888
1966
6563
-1
-1
557
8106
-1
4054
-1
6155
-1
-1
2114
-1
9252
-1
-1
-1
-1
-1
-1
3185
-1
-1
-1
176
-1
3253
3175
-1
1738
-1
-1
5061
-1
-1
579
5987
6070
7766
-1
-1
-1
-1
-1
-1
1366
9522
1129
-1
7738
9019
-1
4226
563
-1
-1
4236
-1
-1
8440
-1
-1
-1
2236
-1
-1
-1
-1
-1
-1
-1
-1
6306
-1
-1
-1
-1
-1
3200
5163
3332
-1
-1
704
3791
5865
-1
4293
-1
7591
-1
454
-1
-1
-1
-1
6977
4155
-1
-1
7398
8090
-1
6615
-1
-1
-1
9337
-1
1360
-1
5025
4598
8312
-1
2219
-1
7431
9013
4376
4283
9529
-1
-1
-1
9992
-1
3644
4112
-1
3160
5246
9386
2165
9755
-1
-1
9371
-1
7367
-1
-1
-1
-1
-1
-1
4062
-1
-1
646
-1
-1
4860
-1
-1
-1
-1
2741
6707
8698
2158
9108
8932
3819
-1
-1
6064
3752
9588
-1
2970
8319
-1
9750
8291
5515
-1
-1
9113
-1
-1
5723
2143
5581
3696
6920
6111
-1
-1
-1
-1
3684
-1
3724
8372
-1
8718
2806
45
7363
-1
-1
-1
1019
-1
1445
4273
1577
2762
-1
1501
-1
-1
-1
-1
4096
2000
7045
4743
9689
-1
7635
-1
9668
-1
521
-1
-1
-1
4468
-1
4901
6851
-1
-1
2428
-1
5855
-1
-1
-1
-1
5667
-1
-1
7245
-1
2477
2798
-1
-1
6129
1421
-1
-1
-1
913
-1
7271
-1
4650
7357
1233
9284
-1
-1
4498
4207
-1
-1
-1
-1
-1
3088
-1
-1
3518
4823
2452
-1
8421
-1
-1
-1
5433
-1
7641
8285
9347
3650
4365
-1
-1
-1
61
-1
-1
9155
-1
6709
1913
-1
4744
5810
-1
-1
-1
2543
-1
-1
2554
2795
-1
-1
8147
-1
2017
6790
-1
-1
-1
-1
696
-1
-1
4663
-1
-1
5740
1131
732
8696
8220
-1
4777
-1
-1
754
-1
-1
1518
8428
1420
-1
-1
9398
-1
-1
-1
-1
-1
8435
-1
6559
-1
-1
6727
-1
-1
-1
-1
7297
6477
-1
-1
-1
-1
-1
3166
-1
-1
3930
-1
-1
2726
4463
-1
1176
4593
2206
-1
-1
-1
3692
2783
-1
6683
-1
9761
-1
8595
5365
602
-1
-1
-1
7881
-1
-1
-1
738
-1
-1
5762
-1
9277
-1
7552
4399
1768
7736
-1
-1
-1
6420
-1
8116
5881
-1
-1
3603
283
3466
-1
-1
-1
9402
1819
4069
-1
1260
-1
5017
2537
-1
-1
4099
-1
-1
-1
-1
1126
8790
-1
5021
-1
9453
4019
9153
7747
-1
5051
-1
8010
2809
-1
4698
-1
-1
-1
2196
-1
9737
-1
8929
1762
1903
-1
3816
1887
-1
-1
-1
-1
9163
9372
-1
7246
-1
7294
-1
8746
-1
8946
-1
-1
7569
-1
9199
-1
-1
4712
8153
-1
9428
7247
1456
8926
3621
6116
-1
4261
-1
-1
2735
8540
-1
3300
-1
1575
6392
-1
7618
-1
5331
-1
-1
-1
7214
7989
4653
-1
-1
1706
-1
-1
5722
3039
2101
6643
-1
8896
6370
8843
8256
-1
5961
9578
3428
-1
-1
-1
9787
-1
6120
-1
4978
-1
998
-1
1401
5776
-1
6637
-1
-1
6479
-1
6847
999
-1
-1
-1
-1
-1
3530
-1
1715
4869
127
-1
2369
8118
-1
9168
9570
-1
3181
7257
-1
5717
3448
7708
-1
1898
-1
9601
-1
-1
1316
-1
-1
-1
-1
-1
-1
-1
2586
-1
-1
-1
-1
534
655
3398
-1
4696
6973
-1
5509
-1
6698
-1
-1
-1
1265
-1
6758
3024
1466
7040
4024
7438
8723
-1
-1
2411
7460
5699
-1
6151
-1
-1
9216
-1
2813
9692
-1
3445
-1
-1
-1
7336
-1
-1
-1
-1
4582
3139
4232
2964
-1
5050
-1
9566
308
-1
-1
3540
-1
-1
5587
145
8943
-1
-1
-1
-1
7948
1981
8511
5022
2649
-1
7879
2118
-1
768
-1
6663
3524
6544
8308
313
2098
-1
9627
-1
2990
7582
6057
780
-1
-1
4704
2052
-1
-1
9498
6961
-1
-1
3741
-1
9513
9916
5751
2257
3401
-1
4971
2578
6705
-1
3979
-1
-1
-1
9191
593
2488
-1
-1
6165
5278
-1
2489
7351
-1
-1
-1
9206
-1
-1
-1
2410
8736
4926
6225
9221
-1
9359
-1
-1
7340
5326
8514
-1
8506
4518
8590
-1
-1
7721
2562
4852
-1
-1
3614
-1
5472
6999
8027
-1
1427
5450
1086
-1
-1
-1
83
1734
-1
-1
6997
682
-1
1967
7931
2448
-1
-1
5223
7707
-1
-1
-1
4752
-1
-1
1639
6535
-1
-1
9007
5052
-1
-1
364
5795
4487
-1
-1
-1
-1
-1
-1
-1
-1
-1
5742
-1
-1
-1
2566
-1
-1
-1
-1
-1
-1
-1
-1
-1
-1
5616
4839
674
-1
3148
-1
-1
4034
-1
-1
-1
-1
2876
-1
-1
-1
1232
1038
-1
-1
717
9323
5773
-1
766
3412
-1
6725
285
-1
8771
662
-1
3817
-1
-1
-1
6924
-1
-1
8662
1306
7273
5557
9944
3803
-1
-1
2609
-1
908
5300
9788
-1
8888
650
-1
7167
-1
-1
7600
4257
4855
-1
6354
7647
-1
-1
852
-1
-1
4785
1352
-1
-1
606
736
-1
5960
3583
4880
-1
9022
-1
-1
5206
4924
-1
1996
-1
-1
9078
5287
-1
-1
-1
7917
-1
2226
1605
-1
6327
7308
4118
-1
-1
-1
-1
3925
9475
-1
5659
-1
-1
-1
-1
-1
3352
6090
1043
-1
-1
3373
-1
-1
3774
-1
5249
-1
6280
4811
-1
-1
-1
-1
-1
7671
7861
3588
9633
-1
-1
-1
9754
7577
3737
-1
44
617
-1
3547
3885
4969
-1
-1
-1
-1
6377
7677
-1
-1
3924
-1
2807
-1
8902
8218
4318
5201
9394
-1
4449
-1
-1
-1
-1
-1
-1
-1
-1
2457
1394
6486
7415
5925
-1
-1
4705
-1
65
-1
7102
-1
-1
2211
-1
-1
-1
-1
4372
844
-1
8622
3949
3734
5129
2135
-1
-1
-1
3011
-1
-1
5551
-1
613
-1
-1
-1
53
6040
-1
7623
6493
-1
1567
-1
6244
4119
3948
9243
8014
-1
460
4829
6839
6719
-1
9745
1390
6051
-1
3289
8293
-1
-1
861
-1
3898
68
6686
-1
-1
-1
-1
-1
3645
422
-1
391
8512
9060
3535
5645
8467
-1
6008
4948
5476
-1
-1
5820
-1
6604
-1
-1
8331
6671
-1
3974
-1
360
-1
-1
-1
164
3481
1422
-1
-1
1118
-1
-1
-1
-1
1934
8945
6537
4799
9580
9565
518
-1
6574
2713
-1
-1
-1
3562
9959
353
-1
-1
631
8895
3033
2902
-1
7033
5389
-1
7312
4567
-1
1983
1798
-1
-1
6142
-1
5696
-1
835
-1
-1
1998
-1
-1
9814
9292
-1
-1
-1
78
-1
7682
-1
-1
-1
-1
-1
742
146
-1
-1
7212
4952
6867
9594
-1
5479
-1
7828
-1
-1
1199
-1
6272
-1
-1
9223
6519
6939
-1
2504
-1
912
-1
-1
5710
-1
798
4746
-1
5413
5830
8890
-1
-1
9536
5267
668
-1
4156
1412
-1
-1
-1
-1
-1
5063
-1
-1
-1
-1
478
-1
8948
7829
-1
-1
-1
1297
9826
-1
-1
5149
-1
-1
-1
3748
-1
-1
6525
-1
5757
-1
-1
2396
-1
1697
8717
7669
-1
5012
6387
3281
8989
-1
-1
-1
5276
6187
-1
-1
-1
-1
1973
24
-1
-1
-1
4181
6567
-1
-1
-1
2941
-1
8875
8037
-1
-1
-1
1084
489
6784
-1
-1
7106
-1
5589
-1
-1
-1
2940
9299
-1
5538
363
2506
-1
-1
627
-1
-1
-1
1921
7078
3881
-1
7924
-1
8342
483
5013
773
2710
5504
-1
8607
7454
-1
-1
9768
-1
-1
-1
117
1326
-1
7993
-1
5823
9100
-1
-1
-1
402
6462
9879
4942
-1
9128
-1
2896
3245
-1
-1
-1
-1
-1
-1
-1
-1
5239
7404
-1
-1
5660
-1
-1
-1
7996
880
-1
159
1237
-1
9757
8159
4289
9516
-1
3433
-1
-1
595
-1
-1
-1
1314
3203
8752
-1
6085
1623
-1
-1
3260
-1
1087
-1
-1
2706
1440
3549
-1
6059
-1
-1
-1
5869
-1
-1
-1
3766
-1
6345
-1
3064
5161
-1
-1
7031
8934
3246
7595
3004
9327
-1
409
5481
7159
-1
-1
8780
443
-1
811
2365
-1
-1
8565
-1
-1
-1
-1
9892
-1
5530
5979
-1
-1
-1
-1
-1
-1
-1
-1
-1
-1
4079
7006
7652
7768
1610
1703
-1
6490
-1
4174
-1
7165
2330
-1
-1
6254
4050
5443
9969
-1
274
-1
-1
-1
4677
809
-1
-1
2223
-1
1482
3112
5439
624
-1
-1
2133
7144
-1
3195
3707
329
-1
7663
6837
-1
7606
-1
-1
-1
-1
8233
2075
-1
-1
-1
5917
4719
-1
-1
9474
3890
5686
-1
867
8995
-1
9186
-1
9031
-1
3788
3214
-1
-1
-1
-1
-1
4941
-1
-1
-1
4167
8396
-1
5763
-1
2478
6962
2202
-1
-1
-1
-1
404
550
3825
-1
-1
-1
-1
4410
2002
3425
4101
-1
4830
2169
-1
-1
-1
-1
-1
4910
6021
-1
8047
8597
2442
3687
2811
-1
1452
9420
6863
-1
1450
-1
7433
7565
7737
9817
1463
5933
2889
-1
-1
6003
-1
-1
-1
2604
7513
1063
-1
136
-1
5971
9779
-1
5085
6696
1166
-1
6890
-1
4427
1471
5043
-1
5764
792
-1
4361
5492
-1
2389
-1
9537
-1
929
-1
-1
-1
7094
-1
-1
-1
7105
-1
-1
7765
909
-1
-1
2273
-1
-1
5970
6711
297
7393
7133
6724
-1
-1
1407
4595
7483
8180
-1
9406
683
4432
1626
4316
-1
7107
-1
-1
-1
-1
-1
2903
6875
8289
-1
-1
5593
-1
5720
8131
4473
8483
-1
5502
8533
-1
9280
-1
-1
-1
-1
6805
-1
1588
519
-1
-1
4904
2398
9452
-1
7637
-1
7470
8870
5386
4661
-1
3501
-1
7867
2866
2753
-1
3628
4576
-1
9462
9361
8501
449
5895
7887
8573
4527
4291
5945
5625
6775
2483
-1
-1
9070
-1
-1
3912
2368
-1
-1
-1
599
-1
-1
-1
-1
-1
-1
-1
8892
1977
1334
-1
9640
5724
-1
1817
3385
4313
-1
-1
4335
-1
-1
5896
-1
-1
-1
-1
-1
-1
9271
9727
2294
-1
8277
-1
614
-1
-1
-1
6814
76
3910
-1
-1
7762
-1
-1
1012
7806
3190
4987
1333
7672
-1
9907
-1
-1
6937
6122
819
-1
-1
-1
1437
-1
7228
-1
-1
-1
-1
-1
-1
-1
4484
-1
-1
-1
-1
-1
4231
-1
3681
-1
7082
8531
-1
-1
5997
8519
1801
3629
3218
-1
-1
-1
-1
8528
-1
-1
9632
1787
2038
1581
7333
-1
-1
-1
-1
1711
9066
7305
-1
-1
-1
432
6809
7875
3680
-1
4163
-1
7155
287
6221
-1
6097
9235
-1
-1
-1
4071
3921
-1
-1
820
-1
4818
2207
8373
5171
9360
-1
8343
-1
-1
6174
6113
-1
-1
-1
-1
-1
7571
-1
3472
2443
4442
-1
-1
7701
-1
2218
7140
8700
7847
-1
-1
-1
6732
-1
3232
-1
450
-1
-1
-1
-1
-1
4351
497
-1
-1
8067
-1
2119
-1
-1
3487
4612
3440
1096
2984
-1
-1
-1
2480
-1
5984
3403
5941
8427
8044
2214
1906
6659
5083
3421
-1
-1
-1
-1
-1
7301
-1
-1
-1
5258
6622
-1
-1
-1
7090
7378
-1
-1
-1
-1
4025
2875
9701
1761
-1
7313
-1
4407
3402
-1
2992
-1
-1
-1
7848
-1
-1
-1
-1
-1
2734
419
1230
-1
1880
7633
3662
8634
3652
3893
-1
-1
2910
5044
-1
6052
-1
3612
1882
5014
1130
-1
4026
-1
-1
9488
7337
7512
7427
-1
2189
2374
-1
-1
-1
1457
1652
-1
5671
5325
-1
4400
-1
-1
5995
-1
346
2475
-1
-1
-1
8806
6573
-1
8422
6831
9659
1180
-1
-1
-1
6308
2822
-1
-1
-1
1683
-1
-1
-1
-1
-1
-1
7291
6034
4665
-1
5904
5868
-1
7392
-1
-1
5340
1918
9375
-1
8046
7524
-1
7516
8492
1138
-1
2128
-1
3821
993
-1
494
7217
307
-1
-1
9237
-1
-1
-1
6049
-1
-1
5963
-1
8660
7026
7377
616
-1
4443
384
-1
7316
-1
-1
-1
-1
-1
-1
-1
9040
-1
-1
-1
6679
6675
-1
-1
6095
5578
4950
7497
-1
-1
-1
-1
8981
-1
6179
-1
-1
9188
4404
3031
-1
1454
57
1951
-1
-1
9363
-1
7540
863
-1
-1
9057
802
-1
-1
-1
-1
5825
849
5378
-1
7703
7755
1355
1964
-1
6770
133
3488
9797
4951
-1
4327
-1
6024
7473
1506
2100
-1
1855
-1
-1
6212
8030
1496
7744
-1
1603
5564
-1
-1
6916
1699
-1
842
4159
3169
8053
4030
-1
-1
8593
4534
1181
-1
9089
-1
4726
7276
-1
8437
9699
-1
3199
-1
8074
5662
3798
-1
6154
300
791
6219
5315
2917
-1
4061
5857
815
3046
-1
902
-1
6549
4574
8833
-1
5923
-1
3020
-1
-1
-1
8820
-1
-1
-1
-1
5899
7272
-1
4994
9112
7388
2911
-1
4125
-1
9020
-1
-1
73
-1
6509
3642
9574
-1
-1
-1
7503
-1
7153
-1
-1
-1
-1
8783
475
-1
-1
8537
-1
6429
-1
-1
-1
-1
-1
1646
-1
-1
1881
9504
5181
3006
-1
477
8155
9157
-1
1812
-1
4185
-1
-1
-1
-1
8569
9996
2599
3919
8298
-1
-1
-1
-1
-1
7457
-1
4981
-1
-1
9615
2816
-1
9638
621
9483
1597
-1
-1
3191
4795
6298
9865
8963
-1
8807
-1
6063
-1
-1
-1
4805
2591
-1
-1
-1
3935
-1
396
2311
-1
2455
4871
7802
3589
-1
4742
5977
6834
2800
-1
-1
-1
9751
-1
7752
-1
-1
-1
-1
-1
9081
6676
7898
8199
5777
-1
431
1358
-1
-1
2309
93
237
4845
-1
-1
7709
-1
2007
2708
1202
7977
6431
-1
6891
-1
275
2661
9495
8636
-1
-1
3207
-1
-1
-1
-1
1901
801
2291
-1
-1
-1
-1
-1
8495
3
1328
-1
2848
-1
4787
-1
-1
-1
-1
-1
-1
3095
8912
-1
7712
-1
8032
3030
-1
-1
-1
6762
-1
-1
-1
9741
5738
-1
7788
-1
-1
-1
-1
6171
-1
-1
2241
-1
-1
8654
-1
-1
6737
-1
3649
-1
5914
6012
7466
-1
-1
-1
7343
8827
2213
3785
8143
963
-1
6314
-1
-1
-1
5844
1318
-1
9676
6247
4985
-1
2521
-1
1074
9957
-1
5176
-1
733
-1
5574
9946
-1
2359
-1
9088
6297
-1
5041
1183
-1
8299
-1
-1
-1
496
-1
-1
6118
-1
-1
8255
899
-1
-1
-1
-1
3226
-1
706
-1
-1
9390
4913
-1
2418
252
-1
-1
-1
5159
1666
-1
-1
5631
1276
1010
-1
-1
1182
2197
-1
-1
-1
-1
-1
-1
-1
-1
8408
-1
-1
8692
5408
-1
6135
-1
-1
-1
-1
5469
-1
-1
-1
7627
3709
5388
-1
-1
2348
-1
-1
6726
-1
-1
822
1828
-1
-1
-1
-1
-1
-1
-1
729
1556
-1
6800
3296
6597
3379
3229
9123
-1
-1
5750
2066
-1
-1
-1
-1
1478
-1
-1
-1
9336
9821
-1
-1
-1
5618
-1
-1
-1
-1
-1
-1
-1
-1
1483
-1
9264
6984
-1
3324
9145
7221
-1
9230
-1
1674
6580
1033
5729
2132
102
5597
-1
-1
-1
1370
-1
-1
-1
2407
-1
-1
8081
-1
147
9663
4091
8524
2855
5827
-1
2764
-1
3783
-1
-1
1939
-1
-1
3836
-1
3058
17
-1
-1
6264
1272
8704
8260
6230
4130
5498
3679
-1
-1
6830
5508
-1
8354
7426
-1
-1
-1
-1
-1
-1
-1
-1
-1
-1
-1
8011
-1
-1
-1
1354
3455
2228
-1
-1
7412
7164
-1
-1
-1
5351
9017
2296
9948
3141
4478
9442
2663
-1
-1
-1
-1
3153
-1
-1
185
-1
6666
-1
-1
161
-1
4641
-1
-1
3042
3050
-1
-1
7170
-1
-1
4378
6178
2646
5430
-1
1520
-1
26
6927
7964
-1
-1
1821
-1
-1
-1
-1
2358
-1
-1
-1
-1
-1
-1
5892
-1
79
9344
1336
9719
-1
-1
-1
-1
-1
-1
5768
7893
8196
6139
8579
1386
6386
-1
6795
3121
5241
-1
-1
-1
-1
-1
5701
-1
7064
-1
-1
-1
-1
8795
-1
9173
6813
9939
-1
3539
-1
8600
1894
957
561
-1
347
-1
-1
876
-1
-1
-1
8941
2446
2014
-1
-1
5620
-1
7826
851
3599
1015
8085
1678
-1
7764
-1
1280
-1
3870
-1
7498
3528
-1
-1
4837
-1
-1
1073
5546
4032
-1
7730
-1
6404
-1
6747
1849
2321
5466
1870
7658
-1
-1
5028
-1
5174
5118
5341
-1
2018
5047
-1
6025
-1
8996
939
4094
-1
-1
-1
-1
1985
-1
4063
-1
-1
2892
6382
-1
-1
4759
6714
-1
-1
-1
-1
6316
-1
-1
4053
-1
-1
-1
4354
-1
-1
-1
-1
-1
-1
-1
8563
-1
5790
-1
-1
-1
8363
-1
3280
-1
-1
-1
-1
-1
336
-1
-1
9382
-1
-1
-1
4070
-1
-1
3984
341
8716
-1
-1
-1
7883
7027
843
-1
-1
-1
1852
7288
-1
2229
8970
1803
6385
-1
-1
7654
-1
2665
-1
-1
2021
-1
1841
7321
-1
-1
-1
2553
-1
-1
-1
-1
8275
-1
-1
-1
-1
8863
9321
-1
249
9542
-1
-1
7303
8206
-1
-1
-1
6697
5403
8226
-1
-1
-1
-1
-1
-1
-1
6865
1905
6073
-1
2697
818
-1
592
-1
3052
-1
9650
6124
-1
2574
-1
1404
6291
-1
-1
3237
-1
7923
-1
4560
-1
-1
-1
-1
5942
6558
744
8953
-1
2901
4359
4562
6413
6141
-1
9989
5520
-1
6009
-1
3198
-1
1545
-1
-1
2440
-1
131
6551
-1
6550
-1
-1
7733
-1
-1
4349
-1
8831
-1
-1
-1
-1
1226
-1
4422
-1
-1
-1
9338
9713
6126
-1
-1
-1
-1
-1
284
-1
-1
-1
4263
9234
8965
-1
-1
-1
9667
-1
-1
523
9997
-1
5922
-1
-1
-1
8426
6938
-1
4546
1108
2195
1564
1303
-1
5321
-1
-1
7796
1883
414
6320
-1
-1
7111
-1
-1
4139
5004
-1
258
-1
7504
-1
6989
1851
-1
5217
5532
767
-1
-1
3794
-1
-1
7593
4688
5404
8903
-1
6033
-1
4525
-1
1044
-1
-1
2626
6393
9557
9651
8077
439
7611
-1
8557
3658
-1
5477
3220
7990
997
2162
4095
-1
3007
-1
8310
3807
-1
-1
4846
9389
1113
-1
1559
2773
-1
8549
1455
-1
-1
-1
-1
9915
2614
-1
8646
-1
5674
-1
9015
-1
7973
6609
8093
-1
-1
-1
-1
980
9220
2395
-1
-1
5744
-1
-1
9014
3781
2860
-1
-1
-1
5337
520
5779
168
2224
-1
-1
2766
-1
6209
-1
7459
-1
1081
-1
7016
1290
4559
6150
-1
1476
-1
-1
771
9236
1293
-1
2435
3648
-1
4810
-1
-1
9877
-1
9859
-1
1730
-1
-1
4894
1696
-1
-1
-1
1527
8756
702
-1
-1
-1
6110
3565
2379
-1
7920
6127
5076
2253
8616
2181
883
1479
664
-1
-1
4206
3284
2528
2074
2924
2882
3943
7477
3892
-1
-1
-1
-1
3875
-1
7260
2093
-1
-1
2683
-1
2245
4571
-1
-1
-1
9587
-1
-1
-1
540
7814
6140
-1
-1
-1
8762
-1
-1
8287
5874
8608
8065
2761
5769
-1
-1
-1
6229
7024
7962
5841
2102
5131
-1
-1
-1
9965
8803
-1
-1
-1
-1
-1
5384
-1
-1
-1
9623
-1
-1
-1
3010
2451
-1
-1
9460
-1
-1
-1
8225
-1
-1
-1
-1
6352
5782
-1
8694
-1
5380
-1
2084
-1
5698
-1
5324
-1
8471
1139
-1
-1
635
7298
-1
4938
62
4625
7119
-1
-1
-1
3778
-1
1300
-1
-1
2350
9051
-1
9827
8957
-1
-1
7414
-1
7310
3307
4127
-1
-1
-1
-1
-1
9828
945
-1
-1
9850
2551
-1
-1
-1
-1
-1
6366
-1
7087
4302
5765
3366
5598
1781
3495
3939
-1
-1
764
-1
5400
6050
6002
6918
-1
-1
5809
5928
-1
-1
5617
-1
8415
1720
-1
2963
-1
-1
-1
2529
-1
5788
-1
6372
8747
6013
-1
-1
6031
-1
5489
1854
8181
2950
7855
-1
5396
760
-1
9791
-1
2371
-1
8535
-1
9226
9195
2233
4122
4930
-1
1007
2635
6236
-1
-1
5848
-1
-1
-1
-1
-1
7926
4439
5453
-1
-1
-1
-1
-1
4475
-1
8024
-1
7048
-1
-1
2832
6630
-1
-1
-1
6610
8394
7186
1974
3531
6066
8745
-1
5134
2660
2676
-1
5144
-1
3067
-1
5369
-1
-1
8018
-1
2117
-1
-1
4745
-1
-1
7946
-1
-1
-1
-1
-1
-1
5670
3102
2375
5880
9288
901
2920
1486
3721
-1
8191
8504
-1
-1
-1
9006
-1
-1
4115
-1
3457
574
-1
4415
-1
-1
273
9617
3451
-1
2869
-1
-1
-1
8737
4601
-1
9440
-1
-1
9696
6833
-1
-1
-1
-1
6691
-1
6654
6092
4059
-1
-1
9142
4483
-1
-1
-1
-1
-1
3738
1022
8585
783
-1
9396
-1
8016
-1
-1
5993
-1
2484
5488
-1
-1
7395
6249
245
3694
6466
4660
1912
-1
-1
-1
-1
2154
407
9333
3328
-1
6418
9458
512
2540
1528
6642
-1
-1
-1
3000
-1
6576
3085
-1
-1
-1
3362
-1
-1
-1
9001
-1
-1
8430
-1
7916
-1
3768
1573
9154
-1
-1
-1
3434
2062
5954
-1
3154
-1
5447
-1
-1
5918
5006
-1
896
-1
-1
6895
-1
-1
8674
-1
2842
8140
-1
-1
-1
244
-1
960
-1
-1
2354
7168
-1
-1
2932
-1
-1
-1
9033
6903
2776
-1
2068
-1
7088
-1
3760
-1
6556
-1
2037
-1
3471
-1
-1
3751
-1
-1
5903
1040
4989
2413
-1
-1
7815
7399
-1
6456
1325
-1
-1
-1
7941
-1
-1
6170
-1
-1
-1
6817
-1
-1
3558
8814
6351
-1
3347
-1
-1
-1
7954
-1
4784
-1
7304
-1
-1
-1
-1
-1
9290
289
8950
-1
6601
-1
2786
-1
-1
7960
8906
-1
-1
7437
2191
9233
-1
9844
-1
-1
-1
6400
4979
-1
4386
2387
-1
1399
2698
2938
6211
3842
-1
3815
-1
-1
6411
-1
-1
-1
680
-1
-1
4086
-1
-1
-1
-1
7019
-1
8399
-1
2324
7464
8909
-1
4428
7690
5517
-1
6768
8715
-1
-1
-1
8259
2564
2980
-1
9374
-1
-1
-1
-1
3186
2638
-1
4248
-1
-1
-1
3594
-1
9904
5716
-1
-1
-1
5521
-1
6645
565
-1
7182
-1
-1
-1
395
-1
7229
-1
-1
-1
2895
-1
9328
-1
8252
9023
2316
-1
8653
1969
-1
5168
6374
829
-1
-1
6383
-1
5988
4864
4724
3308
469
-1
5226
699
-1
-1
-1
1724
-1
-1
-1
2802
9528
5680
656
9645
-1
2640
3755
-1
1032
-1
-1
-1
-1
3634
-1
-1
3607
2108
7935
9063
-1
-1
-1
-1
-1
383
-1
4851
761
-1
2696
7655
6285
-1
-1
1544
3346
-1
5937
-1
-1
-1
-1
-1
7469
-1
3860
-1
7742
2624
2106
-1
2225
-1
-1
2064
2815
-1
582
1134
-1
-1
-1
6105
2947
2844
1499
-1
-1
-1
9863
-1
-1
2731
-1
4268
-1
-1
-1
4706
6098
-1
5425
5294
9777
-1
-1
7869
-1
1637
3193
8968
-1
-1
799
-1
1368
3291
-1
5483
698
-1
2459
4240
-1
4292
-1
6208
3135
5322
5462
7440
-1
-1
-1
-1
7630
-1
885
-1
-1
-1
6799
-1
-1
-1
-1
-1
71
8988
4878
3606
7684
-1
3867
-1
-1
5367
6164
-1
-1
-1
765
-1
1302
-1
-1
7511
1119
-1
-1
8857
8949
-1
-1
8327
9634
-1
-1
-1
-1
-1
4278
-1
-1
7507
4284
-1
-1
1201
7779
7578
9240
3661
9268
670
2840
5901
1758
2163
5109
3485
9118
-1
-1
6613
-1
5603
-1
1866
8416
6789
-1
-1
-1
-1
-1
2968
2178
2634
-1
-1
1042
3573
-1
4857
-1
-1
3283
-1
-1
3388
-1
-1
-1
3975
-1
940
-1
-1
5806
-1
-1
762
-1
7476
-1
6603
2232
-1
9656
-1
-1
9148
-1
7037
9253
3249
2627
6103
4262
503
4431
-1
1907
-1
-1
6029
434
-1
9869
-1
-1
8171
-1
-1
1799
4731
2531
4186
-1
9202
-1
6143
-1
-1
-1
-1
3479
9523
-1
5956
8352
-1
5257
-1
-1
1825
-1
808
-1
-1
3851
493
2401
7295
2746
-1
707
-1
-1
7374
8043
-1
-1
8547
-1
1616
-1
-1
-1
-1
3119
-1
-1
9790
-1
452
-1
-1
4374
-1
-1
-1
-1
5583
8208
8999
4430
-1
-1
-1
-1
2535
-1
784
9972
-1
2338
-1
-1
4537
-1
3268
6936
-1
-1
1765
-1
714
3526
-1
315
-1
3901
-1
-1
879
-1
-1
4557
2650
-1
-1
2454
-1
3754
-1
-1
-1
-1
8848
-1
6215
-1
-1
-1
4151
-1
-1
-1
9405
-1
-1
4413
1027
5310
-1
-1
-1
-1
-1
1460
-1
-1
9444
6256
4269
-1
5978
-1
-1
6278
-1
3954
54
-1
2639
-1
-1
-1
-1
4157
-1
-1
-1
618
152
-1
-1
2511
685
-1
7141
-1
8322
3241
-1
6078
845
-1
3639
-1
-1
-1
319
-1
7242
8812
-1
1835
3800
-1
324
-1
-1
9080
8706
5467
-1
8302
-1
3905
-1
-1
-1
1944
6514
-1
-1
1704
-1
6329
9599
-1
186
1489
421
-1
-1
-1
426
8532
2851
3822
5845
1568
2263
-1
-1
-1
-1
-1
-1
-1
-1
-1
-1
-1
-1
1287
-1
-1
-1
3459
3357
-1
4435
3133
-1
-1
-1
-1
-1
-1
-1
7651
-1
-1
40
-1
-1
-1
-1
3271
-1
-1
-1
1774
-1
4760
-1
-1
-1
1671
7306
9734
5066
5787
5033
250
8993
4033
-1
4438
-1
7085
1660
-1
4481
-1
-1
3942
9378
8652
-1
5664
-1
2515
-1
2345
1267
-1
7760
-1
-1
1721
-1
-1
4503
4972
5924
1288
-1
6730
1797
531
-1
-1
-1
-1
7508
-1
-1
-1
6421
9207
-1
891
8647
3971
8084
-1
-1
4779
-1
-1
7781
6715
3757
-1
-1
-1
-1
1992
-1
1604
-1
1859
2047
6253
4713
268
-1
5007
2744
541
-1
2973
-1
6136
-1
-1
8069
7261
1809
9753
4129
6273
5282
-1
7283
-1
-1
-1
8098
-1
-1
1447
-1
-1
4896
9005
3367
-1
-1
-1
1221
-1
-1
6653
-1
2915
7713
-1
-1
-1
-1
-1
3250
9035
2216
2116
7403
-1
-1
-1
697
7692
-1
-1
-1
-1
8368
9465
6442
-1
-1
8253
3278
-1
9618
4606
6257
-1
2031
3279
2897
7888
9353
7166
8137
-1
8122
-1
-1
5847
2618
-1
-1
-1
348
-1
6781
2939
8732
7083
-1
-1
398
-1
4393
4786
-1
3430
9339
-1
1641
4692
3431
-1
5595
-1
5526
2620
2653
949
-1
-1
3927
591
-1
2730
-1
-1
6523
4482
-1
7277
2498
-1
6451
7975
-1
-1
3990
3082
-1
-1
3846
-1
3194
-1
9559
7065
9332
-1
5071
-1
4406
447
2179
3482
8575
-1
6716
1317
-1
-1
-1
-1
7004
-1
6480
7805
-1
2868
9716
2651
3915
5117
-1
-1
8614
1687
-1
6777
-1
8330
4460
8977
-1
-1
4011
-1
-1
-1
-1
2248
-1
7579
-1
-1
-1
113
-1
-1
-1
-1
8409
-1
1375
9921
-1
-1
583
4669
2174
-1
3763
7519
9928
-1
2944
-1
8644
9644
7138
6464
-1
5525
138
-1
-1
-1
-1
-1
-1
-1
6206
8774
-1
-1
-1
-1
2879
-1
4664
1525
-1
-1
8443
9582
8424
-1
3236
-1
8728
-1
-1
4462
-1
-1
9896
7157
-1
-1
-1
-1
1252
-1
9152
-1
4523
-1
-1
-1
5055
295
-1
-1
-1
6508
5280
-1
7750
3074
-1
-1
-1
4816
6023
9255
209
-1
-1
-1
-1
4441
-1
4636
4676
1932
3491
-1
-1
8207
7955
8971
6533
9800
-1
-1
-1
4052
-1
6910
-1
6027
-1
-1
-1
-1
-1
-1
5528
7617
-1
-1
882
1879
5824
-1
2641
5146
4171
6734
894
-1
-1
-1
32
-1
4120
382
-1
-1
7262
-1
1728
9911
3823
1209
-1
7799
-1
7197
-1
4600
5897
6463
-1
7555
-1
-1
-1
1269
-1
-1
6595
4297
9533
8837
3601
-1
3829
-1
-1
-1
4514
9210
-1
9086
-1
-1
-1
7137
-1
-1
9597
-1
9568
-1
-1
-1
6963
-1
-1
7817
-1
-1
7807
-1
-1
-1
-1
1689
9317
7753
-1
-1
1175
-1
-1
3844
8464
-1
-1
1143
-1
-1
7602
-1
-1
4685
4519
4933
7638
2081
351
8638
130
4861
4623
-1
2251
4682
3092
-1
5877
-1
-1
-1
-1
-1
-1
-1
1099
1324
6557
5458
3801
-1
-1
-1
-1
9
-1
3337
-1
5615
-1
-1
2931
-1
-1
8648
900
5302
-1
8859
3840
-1
9870
2315
8364
-1
6829
-1
-1
-1
2705
-1
-1
-1
7494
-1
-1
3206
50
-1
5166
-1
5121
-1
6218
-1
-1
4213
5335
6564
4225
-1
-1
7154
4991
47
-1
-1
6096
-1
-1
2588
5177
5312
-1
-1
-1
4266
6722
-1
1673
4134
1875
293
-1
-1
3315
2258
5130
6415
5807
4247
9212
-1
-1
6626
9137
-1
-1
-1
7821
6499
-1
-1
-1
4858
1188
6007
-1
2308
3301
7929
-1
-1
9411
-1
1190
-1
-1
-1
7510
-1
-1
9775
-1
-1
7369
5383
8341
-1
429
5683
-1
8782
4385
-1
-1
2159
-1
5283
175
5116
-1
-1
3316
1620
-1
-1
-1
-1
2087
7366
-1
-1
-1
-1
1207
-1
-1
-1
9314
8626
-1
-1
8149
-1
-1
-1
368
-1
4587
1248
3105
639
7209
-1
-1
-1
-1
1778
-1
1908
4906
6347
6641
-1
-1
1247
9762
-1
-1
8574
-1
-1
5136
-1
1529
-1
-1
-1
-1
-1
-1
3444
-1
3582
-1
-1
4917
-1
-1
-1
2666
2656
8710
-1
-1
-1
-1
6068
887
-1
8345
-1
-1
3926
-1
-1
-1
9351
-1
6553
9107
1896
-1
-1
-1
-1
-1
6842
4908
-1
4243
2343
3839
-1
2573
3380
7347
5203
3262
2690
-1
-1
9147
2234
7172
-1
-1
6796
-1
4935
7604
3267
4044
7145
-1
-1
-1
-1
-1
-1
9971
1049
-1
188
855
3674
124
2603
8599
3555
-1
8510
916
7547
-1
-1
2592
5119
1878
4536
5534
7381
-1
1224
2242
1255
-1
-1
-1
-1
2935
-1
-1
-1
-1
-1
-1
-1
-1
-1
-1
-1
-1
229
4659
4216
-1
9847
-1
6678
-1
-1
8786
-1
5783
9606
-1
-1
-1
2300
6412
9430
8359
-1
-1
8577
-1
6454
-1
-1
4638
-1
-1
-1
9313
1863
6274
-1
-1
5513
-1
-1
7559
1946
-1
-1
9763
5296
-1
-1
-1
-1
7892
-1
3998
3677
-1
-1
-1
7201
7043
-1
2852
10
4680
-1
6901
7945
3957
4695
-1
-1
6115
-1
-1
5951
8129
-1
-1
-1
-1
-1
-1
3847
648
2632
8849
847
5862
5329
-1
139
-1
-1
-1
9889
3170
6380
5586
2366
5323
9176
7696
-1
-1
1596
8800
-1
-1
2871
-1
-1
-1
-1
4867
9416
546
-1
-1
5909
1398
-1
9912
1609
-1
-1
2685
1688
-1
-1
8002
-1
1976
-1
-1
-1
3647
-1
-1
2774
-1
-1
-1
2608
5147
8642
-1
5817
-1
-1
2694
-1
5104
156
2170
-1
3128
9090
-1
2633
-1
-1
-1
-1
3909
-1
7609
1238
1052
9622
853
7502
-1
2090
-1
-1
-1
4854
-1
3348
-1
-1
-1
-1
-1
-1
386
-1
1916
9881
-1
-1
-1
-1
9229
-1
-1
4618
7544
-1
-1
5967
4219
-1
-1
-1
-1
8580
-1
7124
-1
-1
-1
361
3640
-1
7528
1638
-1
2256
1299
-1
-1
-1
4043
5339
3335
-1
-1
6443
-1
-1
3769
3314
-1
8013
-1
-1
-1
-1
-1
7101
9926
3150
6197
-1
8645
3086
-1
8035
-1
7215
4703
-1
-1
-1
4018
-1
2231
3142
-1
-1
-1
2874
8148
2922
-1
241
9249
4281
5749
1630
3686
-1
-1
-1
7913
-1
4217
-1
9793
-1
7203
-1
1263
-1
-1
6394
1066
-1
3965
5342
9593
4673
5164
3945
-1
-1
-1
4970
-1
8358
-1
1405
6870
-1
4198
9654
-1
6967
-1
-1
2160
-1
-1
7021
-1
8947
-1
-1
-1
-1
2751
8096
8063
1271
4384
-1
-1
-1
6896
-1
8
-1
9990
5196
-1
6015
1690
9851
8685
-1
-1
-1
7441
611
-1
8146
3646
505
1045
-1
-1
-1
510
-1
2041
1123
-1
-1
-1
7874
-1
-1
3617
2994
6324
-1
-1
-1
-1
-1
-1
9399
8676
-1
-1
-1
8161
9002
-1
5234
5818
4286
-1
-1
3114
9408
3404
8865
-1
9384
7866
-1
3515
-1
1319
9591
5715
677
-1
-1
1772
-1
7957
728
-1
255
-1
-1
-1
-1
5826
-1
-1
8066
-1
1259
-1
-1
-1
-1
-1
7463
4002
-1
254
458
-1
-1
8315
-1
4218
-1
-1
213
-1
3592
2927
-1
-1
8987
-1
-1
2447
-1
-1
7030
5435
-1
212
4627
6260
-1
5218
-1
1088
5414
-1
4827
-1
5573
9213
-1
9469
5652
1329
-1
-1
781
8955
7023
-1
9867
6299
-1
4892
-1
-1
2835
-1
3578
-1
-1
-1
-1
-1
2164
8609
7880
-1
4109
-1
-1
2960
-1
1308
-1
7435
-1
2382
-1
2681
-1
-1
1388
-1
-1
-1
5839
417
5860
2124
9285
2208
-1
-1
-1
6548
2725
7282
-1
7269
-1
-1
1409
-1
5672
-1
-1
1553
9190
-1
953
-1
5068
7890
8541
9309
4533
903
-1
-1
-1
-1
6543
7072
3889
-1
-1
-1
6262
8791
9140
6055
5213
7838
8568
-1
-1
-1
1648
3879
-1
7263
-1
2952
1001
-1
-1
189
-1
9169
-1
-1
2516
-1
169
157
9101
-1
-1
-1
-1
-1
-1
-1
-1
-1
-1
-1
7541
-1
-1
-1
-1
4637
3001
626
-1
-1
-1
9392
2157
-1
2954
8124
2283
2010
-1
9820
-1
8297
5932
1050
-1
8015
2736
-1
-1
-1
8340
8513
-1
-1
8451
-1
8921
-1
-1
7275
2212
-1
-1
-1
5390
3896
-1
7227
-1
-1
-1
6424
-1
4506
-1
745
-1
-1
3244
-1
-1
5962
5537
739
-1
9963
1153
9446
-1
1214
3460
6433
3626
-1
1031
-1
-1
-1
-1
4495
-1
-1
749
6268
8038
5219
5250
5935
2175
-1
-1
-1
-1
-1
-1
1533
-1
9956
-1
-1
-1
-1
-1
-1
8384
7873
6282
3093
-1
-1
2310
-1
-1
3676
8158
6251
-1
9194
-1
4672
4017
-1
-1
-1
441
-1
7656
-1
-1
1831
7725
-1
2998
2747
5665
-1
-1
-1
4944
4931
-1
-1
1624
-1
-1
-1
-1
4547
2711
9930
9987
690
3745
-1
2240
155
-1
-1
8664
4145
7634
-1
-1
2771
-1
-1
-1
-1
5368
5303
-1
3386
3147
1719
5309
-1
-1
700
9815
9925
2103
-1
-1
-1
4807
8107
-1
3569
1365
748
-1
-1
7134
5756
8157
4624
-1
9045
1780
4611
3571
1484
8956
8707
3843
-1
220
-1
8792
-1
-1
8643
5432
9515
-1
-1
-1
7068
-1
-1
747
-1
-1
-1
-1
-1
-1
5601
-1
4256
-1
7135
-1
-1
5969
9427
5582
-1
-1
-1
-1
5194
-1
-1
-1
-1
7353
3179
7386
-1
-1
4169
-1
507
-1
-1
5088
8126
-1
2583
-1
7683
-1
-1
-1
-1
-1
-1
7886
-1
-1
1240
4670
3212
8033
-1
5262
-1
-1
-1
5031
-1
4358
91
-1
6459
-1
4874
-1
2914
-1
4337
1110
-1
-1
8041
1024
-1
2527
3796
2152
-1
-1
-1
5417
-1
-1
-1
4914
9840
-1
5965
-1
-1
3981
-1
4048
-1
-1
-1
-1
735
-1
357
8846
-1
-1
-1
1085
8128
184
-1
-1
-1
-1
3494
1380
5886
-1
-1
-1
2140
-1
4162
-1
-1
-1
4591
-1
-1
9012
9521
6658
-1
4308
-1
6237
-1
1521
281
-1
-1
4814
-1
975
3725
-1
9258
9999
6041
3972
9799
334
-1
946
-1
4596
9664
1679
4632
6536
9456
6350
-1
2397
-1
-1
5141
-1
-1
2201
-1
-1
-1
-1
-1
-1
7718
-1
-1
5946
2728
-1
4356
-1
6869
-1
-1
-1
2486
9056
6312
-1
2621
-1
-1
208
1155
298
8223
108
9251
-1
1364
5531
-1
-1
-1
7380
730
-1
-1
8939
9670
-1
8725
-1
-1
8545
6186
-1
-1
-1
-1
9346
-1
6990
-1
2948
5873
-1
8669
4126
-1
-1
-1
2082
4287
3713
265
-1
6439
400
-1
3776
-1
9150
9707
-1
9463
3878
708
-1
8992
-1
413
-1
-1
6205
6028
-1
8379
-1
3522
5468
-1
-1
1618
-1
9564
2687
-1
5929
1344
-1
1634
-1
228
9494
-1
1243
3411
-1
-1
-1
1642
6978
3259
-1
-1
6541
134
4817
4117
-1
4965
-1
8476
-1
-1
-1
-1
-1
2974
-1
-1
-1
9493
4364
-1
-1
-1
3706
7055
-1
-1
-1
6572
1709
-1
-1
8705
-1
4963
564
-1
6858
3302
4730
-1
608
6134
3344
1865
-1
167
-1
-1
4642
-1
5910
-1
-1
-1
-1
-1
-1
-1
-1
-1
8040
9312
-1
1030
587
-1
-1
8179
-1
7560
9960
3864
719
-1
-1
5885
-1
-1
-1
-1
5540
4402
-1
8304
-1
-1
713
1469
-1
-1
-1
8813
-1
-1
-1
1707
-1
-1
3719
482
-1
-1
7455
-1
5889
362
-1
1562
-1
6994
-1
-1
1294
-1
-1
-1
-1
-1
7376
-1
-1
3542
7568
3230
14
-1
1146
-1
-1
-1
-1
1837
5067
-1
-1
-1
1493
-1
-1
2913
2109
9595
111
-1
-1
-1
6470
5019
1462
9625
-1
5496
-1
-1
6269
-1
-1
3323
-1
-1
7069
-1
-1
-1
-1
-1
-1
-1
9887
-1
-1
177
3442
-1
8472
-1
-1
-1
6878
-1
-1
-1
1372
3355
-1
1197
-1
-1
-1
-1
-1
-1
-1
-1
9267
6341
7878
5713
-1
-1
-1
-1
-1
-1
-1
3277
-1
5957
-1
-1
2533
8060
-1
-1
-1
6301
4796
5156
1578
9265
-1
-1
-1
9496
-1
1312
-1
7852
-1
4036
9810
3115
1848
3070
8088
7545
9373
4512
-1
3458
8452
-1
-1
-1
5190
-1
-1
-1
3299
4962
-1
-1
-1
2352
-1
6510
1079
9708
-1
2430
2576
-1
1245
-1
-1
-1
3370
-1
8759
9242
-1
-1
2421
-1
937
-1
2287
4780
4433
2898
8360
8189
-1
7629
39
-1
619
-1
-1
-1
92
-1
1824
607
-1
9161
1337
-1
6228
-1
-1
-1
3224
-1
5103
9941
6547
1090
5510
1051
504
-1
2439
-1
-1
705
6363
2111
3443
527
-1
1554
-1
-1
3749
-1
5866
2149
-1
7341
6566
389
-1
-1
-1
-1
-1
3057
8787
2027
9283
1986
-1
-1
4342
4570
7947
3609
8215
-1
-1
-1
345
-1
1059
-1
-1
6417
4405
-1
1895
5673
7928
605
-1
214
-1
-1
-1
-1
-1
-1
5697
1685
1191
948
-1
-1
-1
6524
4732
7891
2967
-1
9738
3156
6080
9789
9009
7132
-1
1203
-1
-1
5079
-1
-1
-1
3345
2269
4016
4585
3946
-1
-1
9853
8007
7285
-1
-1
8546
-1
7139
-1
-1
-1
-1
9854
-1
-1
-1
-1
6491
-1
5812
3638
5179
-1
-1
-1
-1
9616
645
-1
-1
-1
6608
9917
-1
1441
9554
7956
7830
-1
7876
-1
3025
-1
3319
-1
1802
9512
-1
-1
7969
-1
5094
3432
9705
-1
-1
-1
-1
1135
5238
-1
7219
-1
-1
-1
-1
6840
-1
-1
-1
-1
1339
-1
-1
8481
359
3100
-1
-1
5180
-1
3002
-1
-1
-1
5770
-1
8273
3831
8610
7597
-1
-1
-1
-1
-1
-1
2406
-1
9053
-1
4940
3722
-1
-1
-1
838
2450
-1
8349
-1
9197
3715
-1
2547
8711
3675
381
-1
-1
1931
2689
-1
-1
-1
3063
6710
5243
3611
4806
-1
9049
8458
1184
-1
7693
-1
-1
-1
4835
840
-1
8986
8165
-1
2794
-1
-1
1668
1313
-1
6929
182
-1
-1
-1
-1
-1
206
6094
6505
9319
223
746
6873
-1
-1
-1
2076
-1
977
-1
-1
598
1876
-1
-1
-1
-1
-1
-1
-1
8864
-1
-1
5814
-1
-1
96
-1
-1
9655
9964
-1
1291
118
-1
-1
5649
5070
2976
-1
-1
35
-1
-1
1416
8357
9395
-1
-1
-1
9133
-1
8054
-1
-1
9439
-1
-1
4474
-1
-1
6919
-1
2243
-1
-1
-1
-1
5507
8324
-1
-1
3339
6593
8951
9839
5752
-1
1275
7808
9730
6158
-1
-1
-1
-1
6802
1727
-1
-1
-1
4605
2006
-1
-1
-1
4885
-1
-1
7845
4282
7529
-1
-1
-1
642
-1
7046
983
1376
7022
-1
2505
7902
2958
-1
-1
663
-1
-1
-1
-1
261
7657
1820
-1
-1
-1
6921
-1
8605
6826
-1
-1
2671
-1
-1
-1
6163
-1
724
-1
3874
5199
2648
12
2437
-1
-1
-1
-1
2381
2629
2148
9124
9291
3936
-1
5237
142
9217
-1
-1
-1
-1
-1
-1
5527
1919
4230
4310
-1
-1
-1
-1
-1
4856
-1
7549
9364
63
-1
2433
-1
2432
3861
5113
-1
1285
-1
-1
-1
-1
9842
-1
-1
4832
2029
6152
-1
-1
9306
8708
3242
-1
9468
-1
3417
-1
5798
-1
-1
-1
7999
8900
7613
6871
9115
-1
4954
-1
-1
1004
-1
4751
5098
7959
-1
800
-1
-1
5940
-1
2684
-1
-1
-1
-1
-1
-1
-1
3855
-1
-1
9010
9808
-1
7978
9538
4614
-1
1920
9387
-1
9902
-1
-1
-1
-1
3261
6343
1322
9641
425
-1
8195
-1
-1
2004
3394
3478
-1
-1
9404
3183
-1
-1
-1
2373
-1
-1
4689
7835
-1
-1
-1
7614
89
4392
-1
-1
-1
3375
-1
-1
-1
-1
651
7786
-1
7176
-1
-1
8493
3668
7089
-1
23
4747
-1
-1
480
9934
4602
3544
9510
2268
-1
4543
2470
-1
-1
3015
-1
-1
-1
-1
-1
-1
9739
-1
-1
7586
-1
-1
1029
4373
-1
1149
-1
-1
3447
-1
5753
-1
-1
-1
-1
-1
657
-1
6656
-1
8699
581
-1
-1
9888
7539
-1
5543
3164
6661
5736
-1
7480
-1
-1
-1
-1
1561
-1
2756
4834
-1
-1
-1
-1
6892
567
4553
4486
-1
9704
-1
-1
4444
-1
-1
7732
-1
-1
1432
-1
4434
8193
278
1036
4738
9986
-1
3961
7720
-1
-1
3235
-1
9880
1744
3641
-1
-1
-1
7583
6106
-1
2192
3161
3967
-1
-1
8133
8402
-1
3172
-1
-1
-1
-1
-1
3759
6102
7520
8824
6408
-1
3251
7598
-1
633
4234
-1
5503
5429
-1
-1
6539
-1
-1
-1
-1
4193
8391
-1
-1
3958
3125
2063
6334
8894
-1
1680
4604
-1
3527
5599
-1
9105
-1
8469
-1
5572
1468
7379
4898
8316
-1
-1
-1
-1
-1
-1
-1
2022
6951
-1
3017
-1
9141
-1
2384
-1
-1
5123
3116
3934
2524
2328
-1
1428
1204
-1
7757
1682
-1
-1
-1
-1
-1
-1
-1
-1
2532
-1
-1
9845
4643
1713
397
6772
-1
-1
-1
-1
2688
4607
6309
8401
8366
-1
-1
636
5949
-1
9189
-1
-1
-1
4471
7992
5030
2184
5412
528
4891
-1
3126
5162
-1
-1
9724
9334
3475
-1
-1
4794
-1
4211
-1
-1
-1
-1
-1
2804
-1
5027
6692
-1
-1
-1
6224
1327
-1
1014
3197
7793
-1
-1
810
3265
-1
163
8889
6402
5090
-1
4387
5640
-1
5636
4172
-1
-1
1667
-1
1392
1458
2723
-1
7397
-1
824
-1
-1
-1
4859
-1
349
-1
6995
-1
8714
-1
-1
7232
7015
-1
-1
-1
8119
-1
-1
-1
-1
-1
-1
-1
-1
-1
3410
322
-1
6189
-1
-1
-1
-1
-1
-1
-1
7557
8045
3814
2077
-1
-1
2237
3351
-1
-1
-1
-1
-1
-1
-1
8754
-1
1830
-1
-1
-1
2403
-1
8883
-1
-1
1745
7150
8635
4170
1922
-1
-1
2828
-1
-1
2674
6785
-1
-1
9947
4299
8586
6844
-1
4098
6506
8489
-1
9490
-1
-1
2919
1216
-1
-1
3771
-1
-1
338
5348
-1
-1
8479
5799
-1
-1
4770
-1
-1
1111
5461
6569
4087
-1
-1
-1
-1
-1
-1
-1
8239
-1
7864
3911
2259
6930
-1
-1
8059
9479
5856
-1
8689
9614
-1
-1
-1
-1
-1
3336
6718
-1
4074
8205
8552
6947
2996
-1
8139
1984
-1
-1
-1
-1
-1
327
7465
-1
-1
5277
-1
-1
9678
-1
4097
-1
7759
-1
-1
8591
5269
-1
-1
7785
-1
7953
5998
7098
2613
-1
9303
-1
-1
-1
5301
-1
5018
-1
6674
7224
5797
-1
-1
3625
2916
-1
9369
-1
-1
9218
-1
1619
-1
-1
1608
-1
6991
3210
5864
-1
3585
-1
2752
-1
9509
-1
4853
-1
4803
-1
-1
6628
-1
934
-1
9725
2765
1382
1168
8761
-1
7564
-1
7331
-1
-1
-1
6819
-1
-1
-1
-1
-1
9272
7349
3273
3997
3035
-1
5906
-1
6521
-1
7594
-1
-1
-1
-1
8560
-1
5440
7650
-1
-1
-1
-1
7338
-1
7699
6980
-1
4778
-1
9807
-1
4674
-1
7400
-1
9030
1115
-1
7335
-1
9164
3056
-1
4539
4667
-1
-1
369
-1
-1
5184
5
-1
263
-1
-1
2340
1712
-1
-1
-1
-1
7413
-1
4499
8052
-1
1754
-1
7486
4615
-1
-1
5105
-1
-1
9898
3541
-1
5402
-1
403
4260
-1
-1
-1
-1
3089
-1
-1
2008
-1
6504
-1
-1
-1
-1
4324
-1
-1
3340
-1
-1
9198
8023
3415
247
-1
-1
-1
-1
-1
7256
3111
2934
-1
6407
-1
-1
4003
-1
8877
2402
-1
-1
7375
-1
-1
2803
2606
-1
-1
6245
-1
-1
-1
805
-1
180
3098
777
-1
9988
4693
7573
190
8556
-1
-1
-1
-1
2558
752
-1
-1
9499
-1
9909
-1
1752
-1
-1
-1
4068
-1
-1
-1
-1
9026
-1
-1
1284
5688
6681
7585
408
2188
-1
-1
-1
4862
-1
49
-1
-1
4152
4137
-1
-1
1249
-1
3322
-1
872
5107
-1
5295
7200
4549
4370
-1
3916
-1
-1
-1
-1
1459
5459
-1
-1
1579
8230
-1
9025
-1
6911
-1
-1
-1
-1
-1
-1
-1
8530
7676
-1
-1
6072
-1
-1
-1
5473
-1
-1
-1
-1
-1
-1
-1
3837
-1
8183
4184
-1
-1
-1
-1
573
2575
6222
2351
-1
-1
1172
-1
976
-1
-1
-1
2318
4974
-1
-1
-1
-1
472
-1
4916
8793
-1
-1
-1
-1
1231
-1
-1
6975
2587
-1
405
6912
6589
-1
3882
-1
8385
-1
9703
-1
1403
-1
-1
6011
8675
-1
-1
8913
-1
-1
-1
7063
2453
-1
3449
3167
-1
7714
-1
4720
1093
-1
-1
-1
6079
6815
-1
7823
-1
9443
1650
-1
-1
-1
9856
-1
4488
-1
-1
282
-1
6529
-1
7761
-1
1997
-1
8924
2205
-1
-1
5545
4925
-1
-1
1548
-1
-1
7841
37
5475
6578
8089
-1
6771
8851
1286
596
-1
-1
2559
-1
1152
-1
1189
-1
4984
4921
-1
6981
-1
7467
-1
6427
-1
-1
8403
-1
-1
-1
8454
-1
-1
-1
-1
-1
7918
-1
2981
4575
5991
-1
2745
-1
-1
6627
7937
-1
-1
2013
-1
-1
-1
9122
1611
-1
-1
-1
8784
-1
-1
9481
4447
-1
4505
2441
-1
-1
-1
-1
-1
529
2785
-1
-1
-1
-1
7
2438
-1
9055
-1
-1
-1
-1
-1
3387
1645
1684
-1
-1
7727
-1
-1
-1
7976
-1
2046
-1
-1
5145
-1
-1
122
-1
-1
2307
-1
6881
5260
-1
2129
-1
2230
7905
-1
7722
8881
2001
-1
2542
8232
5678
-1
3923
-1
4090
-1
-1
-1
5048
-1
112
537
6605
-1
-1
317
6348
9227
982
-1
1196
-1
3208
6706
3610
2449
5037
3767
-1
7443
8982
5831
1910
3075
3365
5382
-1
-1
7274
-1
332
4616
8561
-1
6885
-1
-1
7756
5209
-1
-1
-1
6355
-1
-1
-1
3667
3557
-1
7543
-1
-1
-1
3288
3416
-1
884
2363
2204
6590
466
2458
471
8247
-1
8997
-1
6200
3566
-1
2497
5681
-1
-1
-1
-1
-1
6852
5101
-1
-1
-1
492
2337
-1
-1
-1
-1
2277
-1
6160
2979
4290
-1
-1
7350
9621
2023
6453
-1
2319
7952
-1
5934
-1
-1
-1
-1
-1
8243
6492
3437
-1
5608
-1
1890
1164
3538
-1
-1
779
9415
3952
9711
9841
-1
7979
-1
5139
8891
-1
2733
-1
-1
543
-1
-1
-1
6077
-1
-1
-1
-1
3780
-1
770
356
-1
-1
778
-1
448
2560
-1
-1
-1
5242
-1
6337
1072
9376
-1
-1
-1
-1
-1
1813
-1
135
-1
1361
-1
4888
6286
-1
172
2929
3427
7921
1622
-1
-1
-1
-1
1385
2426
-1
7080
4271
-1
7008
-1
9551
7235
-1
8693
9069
-1
2962
-1
6794
3054
6302
9487
-1
9806
7777
-1
1546
-1
-1
7771
-1
-1
1773
1615
-1
277
8290
7254
-1
571
9211
4467
8861
-1
-1
9733
-1
-1
-1
-1
6520
-1
-1
-1
-1
-1
5689
9166
6395
-1
-1
1902
-1
-1
-1
-1
4114
-1
-1
6720
6147
-1
-1
4754
622
-1
2313
7849
2270
1914
2182
-1
-1
-1
5240
-1
-1
4725
3124
8280
-1
-1
7100
-1
-1
3671
9467
-1
-1
5981
4375
-1
9774
-1
1389
-1
-1
-1
-1
-1
6665
3966
6138
6016
8665
8114
9534
-1
-1
-1
7705
5828
-1
-1
6588
-1
-1
7323
-1
-1
-1
-1
-1
4728
100
7196
4022
9864
3174
-1
6689
1662
-1
9104
4790
132
-1
-1
-1
9809
-1
-1
5454
-1
5394
7843
7103
-1
-1
6755
5842
-1
2464
-1
4466
4802
-1
4520
-1
2072
-1
8942
3922
4980
7787
-1
-1
3750
4890
9531
-1
2971
-1
1215
-1
-1
6414
8257
2079
918
4338
-1
114
58
-1
-1
-1
-1
-1
1103
5266
1542
-1
7421
-1
9929
2502
-1
-1
-1
-1
314
8668
-1
-1
-1
-1
-1
6552
-1
352
-1
-1
-1
-1
8263
-1
2908
-1
873
-1
-1
-1
196
-1
-1
5542
-1
-1
5813
6000
-1
-1
2380
-1
-1
-1
-1
2877
-1
6342
-1
4729
8764
2801
6058
-1
9424
-1
548
-1
463
-1
-1
-1
-1
8967
-1
2821
-1
3163
3630
9721
7070
-1
5446
-1
-1
6146
-1
9349
9180
-1
3492
-1
-1
827
-1
-1
-1
9829
-1
3673
7870
2110
5771
4532
-1
8958
3248
-1
-1
-1
-1
4566
202
-1
3567
6358
6899
-1
5966
-1
-1
5580
9642
4511
-1
-1
-1
6227
-1
9823
-1
4544
-1
-1
-1
6292
8817
2995
-1
5816
-1
-1
-1
-1
9802
-1
660
6112
-1
-1
-1
-1
-1
1565
-1
-1
-1
2737
-1
6326
5974
-1
-1
8500
3099
-1
-1
6818
-1
-1
-1
-1
-1
6461
5173
-1
936
-1
5195
1091
-1
5953
8772
2120
-1
1714
9798
8748
8457
-1
2534
-1
-1
6469
5155
9470
-1
9139
-1
-1
-1
-1
192
-1
-1
7060
1795
6032
1904
-1
-1
2285
-1
2957
5023
-1
-1
4123
-1
-1
8392
-1
9047
5913
-1
5046
3770
2857
-1
-1
3066
3693
4812
-1
8080
-1
-1
4765
-1
-1
1379
-1
-1
-1
-1
-1
8739
8073
8382
-1
3502
-1
2113
-1
7066
-1
-1
-1
-1
-1
-1
6471
-1
9052
9712
-1
6816
-1
5626
898
640
-1
3450
-1
1691
-1
-1
-1
9567
7344
3489
-1
-1
1782
-1
-1
1363
2494
4792
881
5244
-1
-1
3049
3744
6909
1498
4999
-1
-1
3127
-1
3317
4328
-1
-1
9182
3521
-1
6827
4205
224
2580
6062
4577
1949
-1
4000
437
-1
8000
570
3158
-1
9352
4899
-1
2577
-1
4182
5755
-1
4023
-1
3886
5561
-1
-1
-1
-1
-1
-1
7324
-1
6960
166
2222
5232
-1
-1
-1
-1
4528
-1
-1
-1
2305
-1
-1
-1
6467
9706
2739
-1
8419
9781
8702
8423
290
-1
-1
-1
3604
5731
84
1540
-1
-1
-1
-1
-1
8505
6107
2190
6904
5015
-1
-1
-1
8466
-1
3697
643
-1
-1
6744
5728
8164
-1
6823
-1
-1
-1
920
1664
-1
181
9652
3933
3690
-1
-1
-1
2055
9643
-1
-1
2548
217
2544
-1
1846
-1
8760
-1
8414
8507
2589
2383
9102
-1
8057
1362
160
325
-1
-1
8346
8250
-1
-1
8083
1937
-1
5274
-1
6071
3320
5758
-1
211
5536
-1
-1
9553
-1
-1
-1
3907
5078
-1
-1
-1
8167
-1
-1
1262
1805
-1
7674
5643
-1
-1
1342
-1
-1
-1
-1
-1
-1
-1
-1
3704
4734
-1
7695
-1
-1
6672
444
2333
5944
-1
-1
-1
-1
5314
-1
1933
-1
-1
-1
-1
-1
-1
-1
9958
5560
-1
-1
4411
9225
-1
8515
7643
895
-1
6173
-1
-1
8729
-1
-1
-1
-1
-1
3499
7084
2281
5420
-1
8581
-1
5694
9276
3138
-1
-1
-1
-1
793
4227
3123
9767
-1
-1
6305
2955
-1
-1
8113
4414
5338
5230
-1
8468
-1
7983
-1
-1
3576
-1
1194
-1
1860
3310
5882
-1
101
6616
-1
-1
4340
-1
-1
8325
1281
473
5377
3152
609
-1
4912
-1
4882
2303
-1
-1
-1
451
8072
2675
-1
-1
4586
-1
9407
-1
-1
5254
1784
-1
9740
7205
-1
-1
2519
-1
-1
-1
4176
-1
-1
1270
-1
-1
2487
-1
5253
-1
7533
-1
-1
-1
-1
-1
3818
-1
1519
-1
-1
-1
-1
1102
9519
154
7181
-1
-1
8908
-1
9204
5444
-1
-1
4368
2474
-1
8314
1349
1621
8773
-1
8442
-1
-1
-1
7506
-1
1133
5259
6894
-1
-1
8768
-1
-1
5451
-1
6970
-1
5143
-1
9581
318
-1
6987
-1
-1
9131
-1
1909
-1
7836
-1
-1
8236
2677
3254
-1
9604
-1
2073
8978
1464
4136
-1
-1
-1
2412
9855
-1
-1
-1
-1
-1
4057
-1
1557
-1
9968
-1
8919
2344
862
5725
1178
6018
4717
-1
-1
6783
-1
1144
-1
-1
9423
9684
-1
3937
-1
9680
-1
-1
7673
-1
-1
5372
1627
1551
-1
-1
8487
9441
-1
6045
-1
-1
-1
8905
-1
9796
6985
4135
2490
-1
4459
2906
7162
-1
7178
1491
3238
-1
-1
7289
-1
6076
-1
-1
-1
-1
-1
1818
5584
3313
9130
-1
4578
5096
-1
3852
763
6261
-1
-1
726
-1
1282
3330
-1
-1
-1
-1
695
-1
776
6359
8004
9759
-1
-1
6176
7872
8749
572
6061
8810
-1
4569
-1
4982
4081
-1
2016
-1
-1
1601
7474
-1
-1
9241
-1
-1
4031
6133
-1
-1
-1
-1
-1
5247
-1
9874
-1
1330
6677
-1
-1
6792
-1
8294
3786
5265
-1
9036
4204
-1
5590
8801
-1
-1
-1
-1
-1
3812
-1
4085
2993
-1
-1
-1
4701
-1
-1
-1
-1
1681
8071
8878
-1
-1
2137
-1
4391
-1
-1
-1
8105
-1
6398
5407
-1
-1
2370
-1
-1
-1
-1
5566
-1
-1
9437
-1
4194
-1
2709
-1
3570
-1
-1
-1
4245
-1
3995
7086
4035
-1
-1
859
-1
6239
-1
-1
474
-1
3775
-1
-1
8306
-1
8789
3654
-1
-1
-1
-1
-1
-1
-1
9231
-1
-1
9970
9109
436
1661
-1
9672
-1
-1
-1
4918
7689
1353
-1
-1
5555
-1
-1
-1
-1
5491
-1
-1
7940
542
-1
1206
8872
4975
8100
-1
3069
-1
-1
2325
5850
3574
-1
-1
-1
-1
4733
5252
-1
-1
7575
-1
-1
-1
4424
66
-1
8712
3305
2024
-1
-1
-1
8092
3559
5642
8211
-1
-1
7489
7700
4252
2267
4651
4781
-1
8485
1598
-1
4131
-1
-1
8991
4774
-1
8102
-1
996
-1
3685
2467
-1
6808
4301
8429
4973
-1
9331
2312
-1
-1
8666
1756
1526
-1
-1
-1
-1
-1
4838
4501
535
3397
-1
-1
9876
9681
9248
-1
4309
7531
-1
-1
-1
6465
1530
2946
-1
-1
-1
-1
-1
4767
8960
-1
4572
-1
-1
5158
-1
7091
-1
-1
-1
8111
-1
-1
-1
-1
-1
4782
-1
-1
8439
1587
-1
-1
-1
4992
703
2297
-1
9891
836
2631
-1
-1
-1
1602
6581
-1
-1
2872
-1
1842
3903
-1
6440
-1
2778
2301
5087
6043
-1
5038
-1
3507
105
4396
6494
-1
-1
6822
7717
3353
7558
-1
-1
-1
8980
-1
5707
-1
-1
-1
6955
-1
-1
-1
-1
1268
-1
6914
-1
5347
-1
6265
6522
8841
-1
8115
3109
-1
-1
-1
1511
2
9270
-1
-1
-1
-1
8734
9545
-1
2930
794
4923
2841
4934
-1
-1
-1
-1
-1
3884
-1
-1
974
-1
1943
8733
-1
-1
-1
5344
-1
-1
-1
958
-1
-1
-1
9322
6356
716
-1
-1
-1
3657
-1
-1
7076
-1
-1
1359
-1
-1
1060
-1
-1
-1
-1
-1
5202
-1
2538
-1
-1
2376
1235
2584
-1
-1
-1
9174
6159
-1
2320
7687
-1
-1
390
-1
-1
-1
8735
8769
8623
6131
6036
2288
7621
7919
-1
4305
-1
9936
3071
4168
4275
-1
-1
1832
-1
-1
3710
8839
8432
5306
1395
8503
6086
-1
-1
-1
4066
-1
7675
253
1174
-1
-1
-1
500
5553
6531
551
-1
-1
-1
-1
