7936
-1
-1
5361
-1
1602
9912
-1
8480
-1
8025
8164
274
-1
-1
1793
5761
162
-1
-1
2438
-1
8581
-1
-1
-1
-1
4871
-1
3225
4582
-1
-1
376
-1
-1
-1
8068
-1
-1
-1
2468
-1
3989
-1
-1
941
4822
4909
6507
5284
-1
-1
176
2510
-1
5635
-1
8179
-1
9747
-1
5162
8300
-1
7441
-1
5629
2206
1478
6947
-1
-1
-1
-1
-1
-1
-1
-1
1977
4634
7887
6845
7177
-1
5804
-1
-1
1408
9030
-1
8786
5128
-1
5421
3515
9889
4978
2279
-1
3579
5496
-1
5286
-1
8241
2639
1612
-1
210
-1
5461
-1
-1
2470
4171
-1
-1
2370
-1
-1
8169
4823
9917
1826
-1
-1
-1
6486
-1
-1
-1
-1
-1
52
8352
314
-1
8693
-1
-1
-1
5748
-1
-1
7836
8802
-1
-1
2037
-1
-1
-1
1229
-1
-1
-1
7316
6196
-1
6262
-1
4292
-1
-1
-1
-1
4042
-1
-1
8470
4196
-1
-1
-1
3786
-1
-1
-1
-1
496
3371
4336
2018
9462
-1
3792
-1
-1
1438
-1
-1
-1
-1
613
-1
8103
5762
6083
-1
-1
-1
5179
-1
-1
-1
3867
8189
-1
-1
-1
-1
4034
6846
-1
-1
-1
-1
-1
8433
-1
-1
7745
5235
1188
-1
6540
-1
1318
7613
8888
1730
-1
-1
4560
-1
2504
-1
-1
421
2727
7987
-1
6084
-1
-1
-1
-1
2750
-1
9850
8972
2118
9049
-1
-1
1290
8656
-1
1469
5756
-1
-1
6664
7680
1571
-1
3825
9652
2745
6795
-1
-1
-1
4553
5565
-1
1782
-1
-1
2783
3592
9810
-1
8355
-1
-1
6274
2711
6632
-1
726
3470
-1
1684
6699
4100
8379
8086
1224
-1
-1
3670
-1
-1
5272
1927
9958
9546
-1
7386
-1
4675
3481
1865
123
4674
5871
-1
7666
5720
-1
-1
-1
327
-1
3760
-1
-1
-1
2549
-1
-1
-1
-1
-1
6246
9800
-1
9409
3718
8333
3780
-1
-1
-1
3516
-1
-1
-1
-1
-1
-1
-1
-1
-1
-1
2430
4382
8456
-1
225
-1
-1
-1
4503
-1
8645
8006
-1
1445
-1
-1
7783
6573
8078
-1
2343
4597
-1
5903
7314
4298
2025
1353
-1
-1
3017
-1
1067
-1
8856
897
-1
9612
3298
-1
-1
908
-1
-1
5047
-1
5984
-1
7908
-1
3436
-1
8368
-1
-1
-1
369
-1
-1
277
-1
81
-1
8804
-1
1146
-1
7933
-1
-1
1050
2032
9263
-1
-1
7755
-1
2452
-1
-1
-1
-1
236
-1
9644
4466
-1
8554
-1
-1
-1
3264
-1
8881
-1
697
4561
-1
-1
-1
2363
-1
-1
-1
3385
-1
4613
4797
4923
6210
-1
-1
4504
-1
3287
-1
4965
1867
77
-1
-1
1064
3376
-1
-1
-1
-1
-1
-1
9499
-1
4929
-1
3043
6838
-1
4975
2565
8603
8854
5404
5495
8831
-1
-1
8157
6670
2942
5560
-1
-1
8917
-1
-1
-1
-1
-1
-1
6402
-1
4289
5017
4189
9120
-1
2679
-1
2234
7246
-1
6238
-1
-1
-1
4619
-1
-1
-1
2870
9213
-1
850
8079
-1
-1
814
2893
-1
-1
-1
-1
5979
-1
-1
747
-1
1967
-1
-1
-1
-1
7016
-1
-1
-1
-1
-1
-1
3210
-1
7270
-1
-1
4323
9408
7166
7481
-1
-1
1828
3476
-1
-1
-1
5719
-1
8858
9821
6571
-1
-1
-1
629
-1
-1
6629
-1
8943
9843
-1
-1
-1
8107
-1
-1
-1
-1
-1
-1
3190
-1
-1
-1
9775
-1
-1
-1
-1
1492
-1
2274
2174
-1
-1
-1
9330
1185
-1
-1
5465
-1
-1
8818
7156
-1
-1
3952
9111
789
3441
964
9767
5475
9242
71
8746
-1
1957
-1
3026
-1
-1
867
8249
3465
9907
-1
-1
4432
8935
-1
1115
1852
-1
-1
2414
5529
4586
-1
-1
1266
4123
994
-1
8839
6029
-1
8823
7113
-1
-1
5809
9742
-1
-1
-1
-1
-1
1800
8088
7429
-1
8087
-1
-1
-1
226
-1
-1
-1
9142
2812
-1
-1
-1
-1
-1
-1
7699
6093
6968
-1
3416
1357
-1
-1
-1
2700
5320
8215
-1
5023
-1
-1
4385
-1
-1
4312
4754
-1
3047
-1
-1
4715
3548
-1
-1
9895
-1
-1
2246
-1
419
-1
4443
-1
-1
-1
-1
-1
8287
6332
-1
2979
6042
-1
9171
2092
-1
6955
-1
-1
8214
-1
-1
-1
-1
9045
385
1623
4377
-1
492
-1
-1
-1
-1
-1
3790
-1
-1
-1
7966
899
1779
1275
-1
4694
8348
3769
347
5163
7389
-1
-1
5039
-1
6200
7618
-1
-1
-1
-1
65
8960
6827
2792
-1
3640
4048
-1
5331
3052
-1
-1
-1
-1
-1
5406
9661
3360
5671
4129
-1
9165
6278
-1
5742
-1
-1
-1
-1
-1
-1
-1
-1
2066
-1
7278
-1
-1
-1
1045
-1
1332
9495
-1
-1
135
1355
-1
1475
4565
2324
1105
3669
-1
8282
-1
-1
5876
2891
-1
-1
8139
-1
-1
-1
4510
-1
4455
-1
-1
-1
-1
8223
6173
-1
5157
9421
1753
-1
2095
435
-1
5701
-1
1396
-1
-1
6243
8899
4094
8864
7067
4027
3889
-1
-1
-1
-1
4773
-1
7082
-1
2972
6985
9913
6599
1465
-1
8292
-1
3893
1198
-1
2295
-1
7756
5836
4538
-1
8649
-1
-1
-1
574
4731
2250
2660
3231
1572
-1
-1
-1
4112
-1
-1
-1
7020
5099
9121
-1
1667
8677
-1
-1
-1
-1
-1
-1
5423
-1
9206
4279
-1
7977
7796
5606
1461
6831
8565
1812
-1
-1
-1
-1
-1
8363
-1
-1
-1
4511
775
8073
2533
6621
-1
3660
-1
-1
8629
1644
4611
2301
8448
-1
2981
8647
-1
-1
5590
-1
-1
-1
2355
-1
-1
-1
-1
-1
-1
2852
-1
2298
-1
1203
-1
9238
-1
7304
-1
-1
-1
-1
2261
-1
-1
-1
7096
8398
-1
5160
6341
4291
1077
3829
-1
6202
-1
6392
769
8478
8613
991
3292
-1
-1
-1
4097
-1
4987
8190
-1
-1
1674
-1
-1
-1
-1
-1
-1
9101
-1
1166
-1
9044
9018
9416
8390
-1
3434
-1
-1
-1
-1
905
2511
854
6585
2001
-1
-1
-1
-1
-1
-1
4866
8242
-1
7482
-1
1588
-1
4334
8875
2608
-1
2551
-1
2006
1861
-1
-1
596
-1
8381
4433
9634
233
-1
9708
6925
4098
1370
8582
-1
1716
5810
2039
8337
-1
1885
-1
-1
-1
-1
-1
-1
-1
-1
-1
-1
5589
-1
-1
-1
8608
6440
-1
2002
-1
-1
-1
-1
4956
4071
-1
-1
8531
1692
2746
-1
2692
5313
7812
-1
5416
9597
-1
8312
-1
1670
8496
-1
4497
-1
4398
-1
5578
-1
-1
-1
-1
-1
1479
8099
-1
-1
8446
-1
-1
6272
6701
-1
2900
-1
-1
-1
7798
5681
-1
-1
9603
2530
-1
-1
6692
4069
-1
-1
-1
4370
8400
-1
1419
7919
-1
896
3510
7882
4758
-1
1417
-1
-1
-1
-1
6265
-1
1607
5225
-1
-1
4470
3439
7432
-1
-1
3894
-1
-1
-1
171
-1
-1
7206
-1
-1
4431
7164
-1
-1
1012
-1
2793
-1
-1
7167
1104
675
-1
-1
-1
4350
1512
960
958
-1
-1
7510
1902
-1
9140
-1
-1
-1
1906
6424
1925
962
6112
-1
5358
8235
8254
-1
8945
-1
-1
6771
5321
-1
-1
1333
-1
3315
3602
-1
-1
-1
-1
2681
-1
4969
129
-1
8093
9252
-1
710
-1
2190
-1
6886
2347
3979
-1
-1
6861
-1
1391
4188
-1
-1
2796
-1
7948
-1
-1
-1
1825
7420
-1
-1
-1
-1
7245
3789
8997
-1
8399
-1
6883
7131
-1
-1
6839
-1
4448
5961
4728
6819
3783
-1
3627
9908
1228
1653
1342
-1
-1
-1
-1
4286
-1
5572
2653
-1
-1
7771
-1
3842
-1
2140
7942
8826
7097
-1
935
5544
-1
562
-1
-1
-1
6978
6508
6881
-1
-1
-1
-1
5226
9734
4752
1084
-1
-1
-1
5412
-1
5788
9115
3617
4271
1364
3531
9316
4794
6674
781
-1
7231
9791
-1
2021
5335
7064
-1
-1
9125
8343
-1
2520
-1
9294
6671
-1
8550
2953
-1
7718
1048
-1
4595
3784
2837
7228
-1
796
-1
-1
4387
-1
9504
-1
8923
6982
-1
7394
-1
9297
-1
-1
5153
4435
550
4718
7393
-1
-1
-1
5889
-1
-1
-1
-1
7897
-1
-1
-1
5065
-1
-1
-1
-1
-1
1470
-1
754
3973
5608
-1
-1
-1
2665
6168
-1
4394
1221
-1
-1
-1
6652
-1
-1
8834
2391
-1
8955
-1
6075
5473
-1
5778
9134
-1
-1
9973
394
8653
-1
-1
-1
565
-1
-1
-1
6231
-1
-1
7811
-1
7571
-1
9490
-1
7172
-1
1494
4869
6087
-1
8146
3361
4979
-1
-1
-1
-1
786
-1
901
-1
-1
6520
4849
4093
-1
-1
-1
1675
-1
-1
-1
-1
-1
-1
1431
7353
-1
4179
6085
3421
4241
-1
-1
7777
9189
3606
-1
-1
-1
-1
-1
-1
-1
-1
-1
-1
-1
-1
3484
-1
2263
-1
-1
-1
-1
5217
3322
7636
6079
-1
9813
8466
-1
-1
-1
3803
6698
-1
-1
-1
-1
-1
3747
-1
-1
4532
-1
4661
-1
1783
3687
1769
-1
2334
1654
-1
-1
4
-1
6179
7287
-1
-1
-1
-1
-1
-1
-1
3329
-1
-1
-1
-1
2014
-1
-1
3817
8569
8621
8080
-1
9712
-1
-1
8495
4354
-1
1468
9010
3080
1540
711
7496
404
751
-1
6687
-1
-1
-1
4281
-1
8624
6136
8484
4472
3029
7413
4249
1888
-1
-1
4628
-1
-1
-1
-1
2488
7706
-1
971
9089
120
-1
2055
-1
-1
-1
799
-1
-1
4154
-1
3290
-1
6939
-1
-1
4411
-1
-1
-1
-1
-1
-1
7918
7738
5886
-1
-1
-1
2122
6025
2254
8015
8947
-1
-1
-1
-1
5107
-1
-1
9048
-1
-1
7259
-1
-1
-1
-1
-1
-1
-1
-1
8799
7694
4851
1476
1638
3996
4527
8383
3440
-1
-1
7049
-1
-1
-1
-1
-1
6158
-1
-1
-1
2196
-1
2316
-1
8715
5203
-1
-1
-1
-1
-1
4229
-1
1569
-1
-1
4906
1485
6593
5425
1849
9608
-1
7542
-1
9164
650
1887
-1
-1
-1
-1
5049
9345
6197
5287
-1
3415
1665
-1
-1
-1
-1
-1
3869
-1
1576
-1
-1
-1
-1
-1
922
7419
8713
1390
9021
-1
-1
-1
9606
7925
-1
8766
-1
-1
-1
-1
-1
-1
-1
7037
4383
-1
-1
1824
1609
8769
-1
-1
9683
5551
-1
259
-1
6397
-1
6637
9341
-1
2317
5299
-1
3509
-1
7894
1591
-1
1442
-1
4207
1798
1857
-1
2598
1339
-1
3034
9351
-1
1260
-1
-1
-1
9439
-1
1632
-1
-1
8033
3364
-1
-1
4621
-1
-1
-1
9864
-1
2327
-1
9261
-1
5280
3560
-1
-1
5712
-1
-1
7587
-1
4052
42
-1
-1
1226
5539
5156
2868
8135
-1
-1
3859
-1
-1
-1
-1
353
8490
-1
-1
6703
884
-1
-1
6235
7313
-1
-1
4110
-1
8749
2231
4997
-1
-1
3738
-1
-1
-1
-1
3533
-1
-1
2715
4554
5198
-1
-1
-1
8810
1058
-1
7705
-1
6282
4607
-1
-1
6884
-1
2854
-1
-1
-1
-1
-1
2004
2426
-1
8380
-1
270
1148
7728
-1
8477
749
2964
-1
-1
-1
-1
-1
-1
-1
-1
-1
-1
9451
4994
9827
2113
6641
7946
7404
6312
-1
-1
-1
869
-1
-1
-1
-1
7351
-1
7285
1938
-1
3133
-1
7769
686
-1
-1
-1
5598
261
3818
382
-1
8895
9047
-1
9187
663
9360
8606
247
-1
-1
8850
5987
-1
3964
-1
-1
9771
-1
-1
-1
-1
-1
9064
2820
9610
-1
-1
7578
-1
-1
-1
-1
7465
-1
-1
-1
-1
3807
-1
684
-1
9020
9526
5113
8371
-1
1298
9271
3123
-1
-1
-1
-1
-1
-1
3879
9915
1293
2866
-1
-1
9299
8024
9432
-1
5562
-1
-1
4740
-1
7340
7032
7997
-1
7247
8181
828
-1
-1
6480
-1
4714
-1
-1
-1
8064
-1
2112
-1
1167
5884
-1
4757
9151
-1
-1
-1
-1
-1
-1
-1
-1
7788
3430
3003
5355
-1
-1
-1
4963
-1
-1
9486
-1
8760
-1
-1
6313
3449
7121
-1
4199
4667
-1
-1
3365
6961
442
9920
4659
-1
536
-1
-1
-1
5365
829
-1
-1
-1
-1
4772
-1
-1
345
3316
-1
-1
-1
4035
1515
9537
8238
5051
-1
3197
-1
2480
-1
-1
8731
8137
7240
-1
-1
4698
4045
1194
8546
6299
-1
6189
-1
6962
-1
-1
3113
-1
-1
5877
-1
-1
1582
-1
-1
-1
-1
5067
-1
-1
-1
-1
-1
199
-1
6975
2494
168
1208
8512
-1
-1
-1
2102
-1
-1
992
-1
5197
-1
-1
2193
112
4231
9848
-1
4591
7692
6309
2984
6934
2395
-1
1340
-1
-1
-1
-1
6973
9621
-1
-1
-1
-1
4735
3338
6207
-1
-1
8594
-1
7654
-1
-1
-1
2175
-1
6842
-1
7750
8262
-1
-1
-1
5498
1008
9806
9977
-1
-1
-1
2325
1787
-1
-1
7276
9930
2878
-1
7743
-1
4068
8878
-1
-1
7033
3117
-1
-1
-1
8648
-1
-1
-1
-1
2940
-1
7146
1330
-1
4697
8193
3716
-1
8597
2903
1304
2336
-1
-1
-1
9210
9626
3787
3177
-1
-1
-1
-1
7809
-1
8260
3700
3477
-1
8868
8338
983
3491
6793
-1
-1
6627
-1
8533
6773
2191
-1
-1
128
2765
9237
2899
4649
5130
-1
-1
-1
-1
7352
5506
4343
4692
1245
-1
9567
-1
-1
-1
-1
1524
-1
5965
-1
1640
7202
-1
-1
-1
1693
6555
8049
9729
7832
-1
-1
3412
7952
-1
4589
-1
1988
5293
-1
-1
5602
-1
-1
4149
-1
40
-1
-1
-1
360
-1
6930
-1
-1
-1
4479
839
-1
-1
-1
3289
4729
2271
6841
62
-1
-1
2464
7903
7891
4950
8842
-1
4378
9247
370
-1
-1
-1
-1
6342
6953
-1
-1
-1
-1
-1
3053
4793
-1
-1
-1
346
4086
-1
2472
-1
-1
-1
-1
2017
-1
6879
2959
5028
2769
2823
-1
183
-1
8481
3474
-1
-1
-1
-1
1098
8027
-1
2609
-1
-1
7100
8019
-1
-1
-1
2952
-1
1594
7856
-1
6666
-1
-1
8134
-1
-1
-1
978
-1
7136
-1
-1
-1
2540
4324
-1
6740
8366
-1
-1
3097
-1
1884
6589
-1
5366
8219
3976
1898
-1
-1
-1
-1
-1
-1
4753
9823
2647
-1
8194
-1
49
-1
-1
6517
5247
-1
8360
7905
-1
-1
2610
-1
662
6429
988
5389
-1
2913
3425
-1
3001
-1
3638
-1
-1
-1
3645
7920
-1
9627
-1
-1
-1
9081
3398
-1
1394
-1
5797
-1
-1
-1
-1
-1
-1
7821
1116
3078
5554
1083
-1
-1
-1
7203
767
1773
-1
-1
4769
-1
-1
-1
-1
-1
8637
3874
3680
1662
2180
7719
4092
-1
5724
3137
8987
1878
5622
-1
-1
216
7707
3345
2985
9671
-1
-1
5532
-1
1265
5721
3284
9482
7792
-1
-1
-1
972
-1
-1
-1
-1
-1
1910
9876
-1
3431
7456
8872
3214
9038
8644
9267
5036
-1
-1
-1
-1
9254
8703
-1
-1
7119
1169
1961
-1
8796
-1
-1
-1
4180
-1
-1
-1
-1
5691
-1
-1
-1
931
2601
9728
-1
8770
-1
7635
-1
-1
845
-1
-1
8156
7717
4844
-1
3993
-1
-1
7433
-1
-1
1626
4596
3672
-1
2390
4190
3038
3951
-1
3223
4540
6924
-1
-1
-1
-1
-1
-1
1482
5154
-1
-1
-1
1094
6797
951
-1
-1
-1
7532
-1
-1
-1
6494
3497
6074
3630
1158
-1
-1
-1
-1
-1
6763
469
9689
-1
-1
2482
9078
2581
-1
8684
201
-1
19
1080
-1
-1
7315
-1
-1
2071
2200
-1
7978
4073
-1
-1
8321
7302
-1
8236
-1
-1
-1
8062
-1
1418
6024
-1
-1
-1
4819
-1
9730
9116
-1
-1
-1
-1
7685
-1
-1
-1
8412
-1
-1
4344
-1
-1
4245
5129
-1
8316
-1
-1
-1
6896
-1
-1
-1
-1
195
-1
5853
339
-1
921
-1
5600
-1
-1
5647
9147
9942
-1
2951
-1
2074
-1
4726
6304
-1
-1
3353
9677
-1
350
8650
8304
4781
-1
-1
-1
-1
1472
-1
811
-1
-1
9772
7487
9098
2578
6393
2096
2922
9589
-1
8133
-1
8498
4329
6811
7996
-1
2423
8472
-1
3008
5865
-1
1765
9406
510
-1
-1
-1
-1
411
-1
-1
7241
-1
6608
7048
-1
6345
2377
2165
-1
57
3276
-1
-1
7816
1940
-1
-1
8467
4590
-1
-1
3664
3564
-1
2664
4267
4964
-1
-1
1776
-1
-1
9152
1915
8066
4186
5921
7927
6564
1053
-1
-1
603
-1
7541
-1
-1
7518
7593
-1
-1
-1
-1
-1
-1
-1
-1
2208
-1
-1
-1
-1
9396
4509
-1
-1
-1
30
2453
-1
7139
-1
-1
-1
-1
-1
9549
-1
-1
-1
-1
1752
4043
5086
-1
2910
3517
2381
1767
5588
-1
8228
-1
8341
8046
-1
1257
8129
838
-1
-1
124
-1
-1
9628
-1
-1
-1
4492
-1
3269
-1
-1
-1
-1
-1
-1
3417
1551
-1
5118
8901
-1
-1
7914
3978
9615
-1
-1
1816
-1
5080
-1
-1
-1
5888
-1
-1
-1
8989
-1
3221
2388
1460
-1
3506
5518
732
-1
-1
-1
4462
7017
-1
-1
3650
-1
6536
2045
6840
-1
2849
-1
777
1711
4427
-1
5993
-1
-1
-1
-1
-1
7309
-1
9897
8595
-1
3934
-1
-1
9108
-1
3621
2054
1622
-1
1658
-1
6941
-1
1629
7506
-1
-1
-1
-1
4019
-1
6622
7274
-1
8085
8410
9039
-1
-1
6988
3046
-1
-1
51
-1
4444
1746
997
-1
-1
-1
-1
1725
1134
-1
-1
2518
-1
724
3174
2075
1897
5482
-1
1586
4939
7199
676
-1
-1
-1
-1
-1
3930
5636
-1
595
-1
-1
1137
-1
1178
-1
4449
1423
-1
-1
8977
541
3480
6694
-1
-1
1132
-1
4242
3550
-1
2471
5656
2509
-1
-1
-1
6946
7964
-1
5851
1388
-1
-1
142
-1
6725
4295
8642
-1
6473
5486
4311
-1
-1
8041
-1
-1
-1
-1
-1
2638
9715
2612
7974
-1
2654
4676
1601
793
7943
-1
-1
6723
-1
5763
5662
2266
-1
-1
-1
9872
5238
2005
-1
9232
-1
7436
-1
-1
9516
6801
-1
4468
7036
1366
2125
-1
8308
-1
-1
-1
3461
170
-1
2656
9717
9752
4460
3016
8548
4546
9530
436
3804
-1
8516
1382
5443
8843
-1
2915
7013
5439
7656
9150
9557
-1
-1
7115
715
-1
-1
7263
2789
2350
8378
7039
4185
4352
-1
6258
3612
-1
649
-1
-1
-1
-1
3868
7196
3305
-1
6094
-1
-1
-1
-1
3546
-1
-1
5121
-1
-1
3545
4259
2166
1820
-1
5185
-1
-1
621
-1
-1
-1
609
-1
-1
6979
-1
-1
-1
-1
4803
-1
-1
-1
443
-1
45
5706
-1
-1
-1
-1
9305
7963
9893
-1
1517
4058
8374
-1
7280
-1
-1
-1
-1
2424
8937
-1
9446
7268
5688
2591
1128
495
5024
6815
-1
-1
5242
-1
-1
9460
-1
-1
8618
-1
205
-1
-1
-1
5364
-1
8732
-1
-1
1163
-1
1585
-1
-1
-1
5152
-1
6441
-1
-1
-1
-1
4274
8538
-1
3884
-1
-1
2068
-1
4977
-1
9209
-1
-1
-1
1624
6201
-1
-1
2024
-1
723
9035
3765
7479
4138
6485
7784
5363
-1
-1
-1
-1
2474
8761
7469
3819
-1
6907
6294
-1
-1
-1
9818
-1
-1
5214
-1
-1
-1
-1
-1
357
1909
-1
-1
9474
8720
-1
9204
-1
3158
-1
-1
4103
-1
-1
-1
5650
-1
-1
-1
9205
-1
-1
6867
7661
-1
-1
2704
-1
3308
2599
3625
-1
554
-1
1554
8108
-1
9648
8436
9654
-1
-1
-1
2047
8686
742
7355
1744
1978
9301
-1
2333
5557
-1
4843
-1
917
-1
1577
7008
393
6077
-1
-1
4036
3105
-1
6021
3668
9964
9887
-1
-1
5695
4724
-1
2367
4716
4996
-1
-1
664
1979
-1
-1
5846
-1
-1
7772
-1
-1
-1
6738
-1
9318
5989
527
9464
-1
7610
8123
-1
8245
3326
-1
-1
8970
8542
3549
-1
-1
-1
5009
5201
-1
9836
7502
-1
3563
6760
8600
-1
2528
2662
9761
1176
-1
-1
-1
666
9378
7512
-1
-1
6609
2338
474
-1
-1
-1
-1
-1
5951
8828
-1
-1
8641
870
9362
2114
-1
-1
1891
1845
-1
3682
6463
3410
-1
3845
998
-1
-1
5536
9706
-1
6900
-1
-1
7198
4657
6722
-1
-1
144
-1
3452
2606
8353
2927
7774
7124
1123
-1
8671
9023
7098
9468
3512
-1
-1
-1
-1
9753
-1
3727
-1
3396
4601
6080
9642
9286
-1
-1
-1
4517
8476
-1
1625
-1
3683
2330
-1
-1
-1
-1
-1
1467
-1
7141
9371
-1
-1
3025
-1
5822
-1
8183
6382
-1
5106
524
9075
1462
-1
1019
-1
3527
9303
-1
-1
-1
234
2586
-1
-1
1296
-1
2961
-1
-1
-1
8407
4564
-1
6645
-1
-1
-1
-1
204
2268
6950
4087
8862
9922
6728
-1
5941
-1
8845
9026
-1
-1
7234
-1
6465
8871
3873
-1
3359
-1
-1
7323
-1
3427
-1
-1
6800
1089
-1
4710
-1
-1
2495
7746
5146
800
-1
-1
1024
1010
-1
-1
9510
9461
5626
-1
2527
-1
6213
3049
4484
-1
-1
1420
-1
2339
-1
9835
-1
9535
6786
-1
-1
3933
5597
1912
8320
5978
-1
13
-1
4203
-1
691
-1
-1
-1
-1
453
-1
-1
9773
5510
-1
-1
1447
842
8529
356
-1
1742
1068
2345
746
3507
-1
895
-1
-1
-1
-1
3027
-1
-1
7301
-1
8468
-1
1558
-1
-1
-1
6359
-1
-1
4162
7210
9009
3119
-1
-1
-1
1183
9514
9285
-1
2235
-1
-1
8986
5199
-1
-1
-1
4795
5960
-1
-1
8096
-1
8752
-1
-1
5880
-1
4403
8681
599
-1
-1
1363
-1
6965
-1
-1
-1
932
4338
-1
2626
4023
-1
-1
-1
-1
6059
-1
3569
167
-1
-1
-1
-1
-1
2808
6511
4345
7347
-1
1532
-1
-1
-1
2060
6259
-1
5972
6143
9234
-1
-1
2788
-1
9196
-1
-1
7368
-1
-1
-1
1535
-1
9354
9834
441
8011
9029
-1
-1
-1
-1
-1
3186
3472
1700
2184
-1
2737
4789
6972
-1
-1
-1
-1
7531
6414
-1
9037
-1
2124
-1
-1
-1
-1
-1
-1
8182
730
-1
-1
-1
-1
7530
2003
2775
-1
8491
7334
9892
-1
-1
2204
-1
-1
7354
-1
-1
8949
9395
-1
-1
9160
1806
-1
-1
6762
-1
3181
4064
-1
6058
1754
361
-1
1291
9235
1195
-1
4555
8038
2173
-1
-1
-1
-1
3655
1218
4085
8035
4475
7781
-1
-1
-1
617
7868
-1
-1
-1
5852
8660
3414
7005
-1
-1
-1
-1
302
209
-1
5429
-1
-1
-1
3620
1109
-1
4011
954
8102
7153
7689
-1
5420
8921
-1
7401
9525
5642
1994
6837
1102
-1
-1
-1
8362
-1
-1
1841
4473
7477
-1
5594
-1
-1
-1
-1
3938
6022
-1
-1
-1
-1
1413
-1
-1
1945
-1
5808
7563
2242
620
-1
2473
-1
-1
1074
-1
-1
6758
-1
-1
5314
1873
-1
-1
-1
693
386
-1
4545
5895
5357
1592
-1
8510
7970
4988
7104
1440
4303
-1
-1
7713
-1
8772
-1
6936
7317
2220
4356
6971
2276
-1
6142
5108
-1
6510
1246
-1
-1
-1
-1
-1
-1
8208
9779
1560
-1
-1
8685
3697
-1
3348
-1
7045
1691
1539
-1
-1
-1
7835
4539
-1
-1
-1
-1
-1
8486
2776
-1
5414
5841
-1
5992
-1
2232
1923
-1
3488
-1
-1
-1
-1
-1
6032
5234
-1
177
7758
6899
-1
-1
-1
7446
1678
822
-1
313
4022
2257
-1
-1
5967
-1
-1
-1
-1
-1
3960
-1
-1
-1
-1
9244
4834
976
5309
-1
9265
6855
5050
3534
-1
6574
-1
4784
7607
-1
-1
-1
3124
-1
7687
1220
5243
2009
7137
-1
-1
-1
-1
-1
-1
-1
3255
-1
-1
-1
-1
8309
5170
8558
995
9863
3217
9465
-1
9518
1889
-1
1511
-1
317
-1
-1
5628
1112
-1
-1
-1
-1
9847
-1
7191
1890
4041
-1
288
-1
4622
6548
768
-1
-1
-1
6565
-1
-1
-1
1016
721
3949
-1
5875
-1
31
736
4401
8933
-1
-1
1031
4725
9679
9429
-1
6371
-1
6443
2143
-1
-1
-1
-1
-1
2772
8435
2720
590
-1
-1
7722
-1
-1
7633
-1
-1
-1
-1
-1
1028
2479
6327
-1
5476
1141
-1
-1
-1
-1
-1
7275
-1
-1
-1
-1
6037
-1
-1
48
3355
-1
-1
4918
-1
-1
-1
-1
4456
-1
-1
8202
1718
7615
2613
3420
7011
-1
-1
-1
-1
2767
1565
4989
-1
-1
80
-1
-1
-1
-1
7568
-1
1761
7460
6628
8432
8526
6505
6996
-1
126
2707
4857
-1
6919
977
-1
6616
1036
9975
930
462
8482
-1
-1
8857
-1
-1
9042
254
-1
-1
-1
-1
-1
3812
7825
-1
5220
8602
-1
-1
298
-1
4941
-1
8849
7826
2521
-1
-1
2630
5625
-1
-1
4970
2159
-1
-1
3835
2308
7898
6113
4457
1796
-1
-1
5703
3249
-1
-1
-1
-1
-1
1273
3076
-1
-1
3909
-1
-1
-1
-1
-1
-1
4493
-1
886
3943
-1
-1
7188
4318
-1
-1
-1
5408
3405
-1
-1
3810
-1
-1
5246
-1
2044
1854
-1
8537
9425
-1
-1
2311
7849
539
5954
3390
-1
2632
6165
-1
1604
-1
-1
1627
1869
6448
-1
-1
7776
3323
8991
-1
-1
-1
-1
2752
-1
9248
-1
-1
-1
2588
5282
804
5449
-1
-1
4515
-1
155
-1
-1
8898
-1
9440
810
-1
-1
-1
-1
4875
4807
-1
-1
-1
-1
1277
-1
-1
9225
-1
-1
6151
3487
4745
-1
-1
4743
-1
-1
1449
-1
-1
-1
1553
3918
-1
987
-1
7870
7985
-1
-1
-1
-1
4173
-1
3299
-1
9674
8351
-1
9555
-1
-1
-1
-1
2445
-1
-1
4742
1466
-1
-1
-1
-1
-1
-1
2887
2258
-1
4712
5920
4853
-1
-1
8946
4523
-1
-1
-1
1133
-1
-1
-1
-1
9126
-1
-1
-1
6344
-1
-1
-1
2939
4623
-1
9587
6980
-1
8625
-1
3820
-1
-1
-1
2516
-1
-1
-1
-1
-1
5035
-1
3176
-1
1811
-1
6276
9453
9437
-1
4690
-1
-1
-1
1928
-1
8978
1076
2862
7341
6563
-1
-1
4273
4252
-1
1023
-1
-1
3147
-1
-1
-1
940
-1
-1
-1
-1
-1
-1
-1
-1
-1
7213
5098
-1
-1
-1
7320
-1
5831
6428
-1
1777
9721
-1
-1
3311
-1
5386
6157
-1
-1
-1
-1
8479
3179
7427
-1
2245
-1
3092
7116
3752
-1
-1
3726
-1
9505
362
156
-1
414
-1
-1
6174
9025
2794
-1
7001
-1
4307
3141
7109
-1
2077
9914
-1
458
9394
4584
9012
2531
3023
8281
9704
9058
-1
2558
93
-1
1722
5786
-1
6404
7327
3524
6398
6658
3402
-1
1993
-1
-1
-1
-1
-1
8905
6757
2357
-1
431
2840
7659
-1
-1
-1
9322
2364
939
-1
-1
-1
6892
-1
-1
-1
9441
-1
-1
-1
5764
4030
-1
1672
-1
2496
-1
-1
5925
-1
-1
-1
9558
-1
9161
-1
-1
1566
-1
7846
4537
2539
63
1756
876
4124
4952
6776
-1
3511
231
-1
-1
8525
3854
-1
-1
6828
9169
4464
-1
1425
763
-1
1360
-1
8100
-1
2995
7872
2595
-1
8186
2393
-1
-1
-1
-1
714
-1
-1
2107
-1
-1
-1
1944
-1
-1
96
4290
9714
-1
1046
-1
-1
4340
-1
2721
3857
2213
-1
-1
9424
-1
-1
8369
1548
-1
4490
-1
3386
6438
-1
3802
9282
7221
4304
-1
-1
2154
-1
3054
4747
-1
5894
-1
-1
7208
9532
-1
1546
-1
-1
-1
-1
1069
8566
5329
7257
3109
-1
6212
831
-1
-1
6759
1605
-1
-1
-1
5147
8417
-1
398
-1
1371
-1
-1
-1
-1
-1
-1
-1
-1
9159
-1
-1
-1
696
-1
-1
-1
8614
7029
2212
5260
-1
-1
-1
2934
4782
-1
-1
-1
-1
4702
4848
9463
2172
-1
-1
3110
-1
2570
8401
3538
7055
5457
9667
6960
3554
589
-1
1962
5256
-1
-1
-1
6504
-1
-1
-1
-1
3403
-1
-1
-1
2990
1842
535
-1
-1
2585
-1
-1
1437
-1
-1
3729
8904
-1
9359
-1
5427
7944
-1
9509
5824
-1
-1
1608
-1
4438
8891
9080
6355
-1
182
-1
-1
2322
-1
-1
3380
437
-1
-1
46
25
-1
9846
4364
2778
-1
8327
3354
4195
-1
657
-1
8561
7742
5806
3836
2869
5550
-1
7740
-1
-1
7445
5140
-1
8687
5988
3073
2552
6415
3101
-1
7902
8059
-1
-1
-1
-1
-1
5451
-1
-1
1022
4210
1020
-1
-1
-1
6188
-1
-1
7103
3317
-1
5390
9368
2091
-1
-1
4579
4351
2980
8722
-1
-1
8907
5078
8113
8711
-1
-1
-1
-1
2385
427
-1
6317
9522
9543
-1
-1
2875
-1
9575
-1
5599
9418
3656
8859
-1
-1
-1
4656
-1
4430
-1
7544
-1
5001
2503
8797
-1
3763
704
-1
-1
-1
9472
3901
-1
4612
-1
7350
4888
-1
2483
2907
-1
-1
7757
7207
-1
2674
-1
-1
-1
9681
6044
-1
-1
-1
-1
-1
618
-1
8964
-1
-1
-1
-1
660
-1
-1
1801
7079
9982
8500
-1
-1
2461
-1
5751
-1
526
-1
6989
-1
-1
-1
-1
-1
-1
6102
4485
-1
6370
-1
-1
1893
-1
3301
-1
7650
-1
101
-1
-1
6672
-1
-1
-1
11
3195
7462
-1
-1
3009
-1
1334
1171
-1
-1
241
2443
-1
5520
-1
-1
-1
2938
-1
-1
-1
-1
4651
9538
-1
-1
-1
-1
8784
6636
4091
-1
-1
8853
-1
-1
-1
-1
6984
-1
-1
-1
9635
-1
7321
2434
2132
-1
-1
-1
3068
5470
-1
8690
-1
2969
7361
-1
9046
-1
-1
9066
3911
-1
-1
-1
-1
2123
6653
4400
8962
-1
605
-1
4288
4896
8692
4481
-1
-1
-1
7142
821
-1
1541
-1
2171
-1
1645
5058
-1
-1
3370
-1
6915
4183
3121
669
4453
-1
-1
5349
-1
-1
-1
7112
-1
-1
3848
-1
-1
184
3432
1687
-1
3891
-1
6250
7244
-1
6290
-1
-1
-1
4615
-1
-1
-1
-1
2835
-1
4785
-1
-1
4756
-1
5995
-1
-1
-1
-1
2914
-1
3605
3455
-1
-1
8688
3880
4703
34
-1
4602
4811
6729
9968
-1
-1
-1
9972
-1
-1
4655
-1
9085
-1
7744
6700
4583
-1
6167
-1
3218
6383
5383
8570
906
-1
3955
-1
-1
7219
4026
-1
5022
-1
534
-1
5422
2564
6491
221
6799
4161
-1
4734
7480
3519
-1
-1
-1
-1
-1
6805
4865
-1
6416
-1
9852
3454
-1
512
9
-1
3098
5073
-1
-1
8356
-1
-1
8492
632
-1
7782
-1
6617
-1
4226
-1
3253
-1
9241
3556
6221
-1
3106
-1
8489
6297
-1
-1
-1
-1
3822
6175
2402
8996
-1
3463
-1
-1
6232
1954
-1
1090
-1
-1
-1
-1
-1
2803
4392
9641
6177
9702
508
-1
-1
-1
9660
-1
-1
-1
-1
-1
-1
-1
912
2375
-1
2756
-1
6734
-1
9997
3923
-1
-1
-1
-1
3937
4949
-1
-1
-1
8993
3856
1043
-1
-1
3577
-1
-1
8729
7885
-1
9312
-1
2886
-1
3251
-1
-1
1958
1119
-1
3823
3782
-1
4733
-1
-1
-1
-1
8317
-1
-1
1412
1161
-1
-1
5149
6560
1314
3637
9941
7723
-1
-1
-1
-1
-1
-1
6691
7526
-1
348
-1
-1
1014
-1
-1
-1
1703
5055
2977
-1
-1
1946
-1
3239
-1
2795
-1
4668
9065
-1
6735
5944
-1
-1
-1
-1
1733
4858
4221
-1
6001
-1
10
-1
5571
-1
2181
-1
-1
8736
5187
-1
4910
-1
20
-1
1271
7886
-1
6352
4357
-1
6967
1832
7535
6395
4049
-1
3528
-1
-1
1480
-1
3529
-1
-1
133
4932
-1
-1
-1
-1
-1
3004
-1
-1
-1
4308
-1
5204
-1
-1
5393
-1
-1
-1
3648
5858
-1
2649
-1
-1
-1
-1
-1
-1
8225
2970
5348
-1
612
-1
5236
-1
979
-1
-1
6798
7170
-1
-1
-1
-1
2669
2029
7642
486
-1
2582
-1
1950
7603
5188
6271
-1
-1
7426
-1
137
9580
9929
246
-1
-1
2148
-1
4309
9999
-1
-1
-1
-1
-1
2198
953
-1
-1
-1
3571
-1
-1
-1
-1
7679
6343
-1
1213
8706
-1
-1
-1
1172
-1
7570
1276
-1
-1
-1
-1
7185
3424
-1
320
-1
-1
-1
2865
2272
1955
8884
-1
-1
-1
-1
-1
-1
-1
5334
6765
-1
-1
9878
211
6233
8389
7252
8445
-1
9061
5213
6935
2743
8974
9655
-1
4033
-1
-1
3304
1748
-1
3694
66
-1
-1
2663
5962
7083
3122
1676
2486
-1
5337
-1
1671
-1
4882
4018
5409
9219
-1
7990
1998
-1
-1
1819
3634
-1
-1
-1
6108
6721
6509
-1
-1
7239
-1
-1
-1
-1
-1
9838
5593
1523
-1
-1
9056
-1
-1
-1
5918
6512
-1
2491
7030
-1
-1
2138
143
-1
-1
3327
-1
-1
206
9785
-1
-1
-1
-1
1525
9763
-1
-1
5471
8336
-1
1426
-1
-1
-1
3429
-1
6848
-1
3661
-1
-1
4272
9057
-1
-1
-1
-1
-1
-1
-1
-1
847
7328
9797
-1
8821
2275
-1
8147
-1
8012
-1
1843
-1
-1
-1
6076
6777
3011
-1
7209
-1
-1
9207
1039
608
-1
-1
6600
-1
-1
-1
-1
2817
-1
7454
-1
-1
-1
-1
-1
-1
9762
-1
3161
-1
9724
8990
3314
5447
1537
-1
-1
4257
8994
8707
2672
9194
8701
476
6484
3211
-1
165
-1
-1
-1
9074
3594
-1
-1
-1
7381
5881
6096
-1
6052
-1
6277
-1
-1
-1
-1
-1
9877
3596
2575
-1
-1
6467
-1
6611
-1
-1
-1
-1
7358
-1
3256
672
7223
9591
5304
-1
-1
4696
-1
-1
720
8083
1238
-1
5540
6129
-1
-1
-1
817
-1
-1
2876
2841
1384
-1
-1
1799
-1
-1
-1
-1
-1
-1
5674
-1
285
7616
-1
819
-1
-1
9670
2498
-1
-1
9866
-1
-1
-1
-1
7911
996
-1
-1
260
8517
-1
3162
4373
-1
2682
7344
-1
9662
5790
5711
-1
-1
1190
-1
-1
-1
-1
-1
8819
-1
-1
1851
9153
-1
-1
2481
-1
-1
682
-1
355
3037
8511
-1
-1
-1
3977
5462
6017
-1
3959
2469
5516
-1
-1
-1
-1
-1
-1
-1
9127
3242
8893
8698
1347
-1
-1
8388
1710
-1
8824
7930
2965
-1
2326
-1
190
-1
2735
-1
9573
-1
8485
-1
467
-1
-1
-1
1680
-1
3227
-1
514
2579
9885
3466
-1
-1
8966
3192
4672
-1
575
-1
-1
555
9003
-1
2996
844
6626
252
-1
-1
6572
-1
-1
4686
-1
-1
6054
-1
4205
8232
8055
-1
2603
-1
-1
-1
152
-1
-1
9592
-1
-1
8560
1705
-1
-1
-1
-1
-1
5971
3798
-1
-1
-1
9735
824
-1
3107
5948
7965
2405
4646
-1
5663
-1
7457
8359
5437
4367
8779
-1
-1
-1
8575
7498
1267
-1
-1
6101
2189
2561
-1
7187
2144
-1
5274
7201
-1
5302
-1
6316
-1
3089
6124
-1
3543
6109
8247
3935
946
615
3743
4471
-1
8199
4055
9292
-1
7516
9094
9470
-1
258
-1
1409
4533
-1
7660
-1
3685
-1
9691
-1
-1
8816
-1
543
-1
4802
-1
4012
-1
7058
-1
-1
5076
8373
4499
-1
-1
3384
-1
5535
9221
-1
3775
-1
-1
-1
1268
-1
2975
8741
-1
-1
2836
-1
2635
-1
-1
5879
-1
6452
-1
6753
-1
-1
-1
9672
1356
-1
-1
2906
-1
5753
-1
-1
-1
3646
4635
3169
6688
8161
-1
3228
-1
-1
949
5158
-1
8501
3362
-1
7643
-1
4508
1402
4898
3128
-1
3060
-1
-1
654
1062
-1
513
5991
-1
745
4202
560
-1
2693
-1
-1
5996
-1
3379
-1
-1
5893
-1
8423
116
-1
6586
-1
-1
-1
-1
4228
-1
-1
-1
6542
-1
808
-1
7143
927
-1
-1
-1
7398
5431
-1
-1
-1
-1
6296
1719
533
4617
-1
-1
-1
-1
-1
1701
9926
-1
8325
6141
-1
5452
-1
9342
-1
-1
-1
-1
1848
2584
-1
-1
-1
-1
-1
5526
-1
4825
3578
1367
6159
-1
-1
-1
-1
6591
-1
-1
-1
681
9993
426
7753
-1
-1
6948
-1
-1
759
-1
-1
-1
-1
2133
-1
6716
-1
9581
8162
-1
-1
178
-1
-1
8217
-1
-1
-1
9659
4145
-1
7558
-1
6288
2748
9899
-1
-1
-1
4566
-1
7619
9220
-1
-1
-1
-1
-1
2499
3945
-1
-1
-1
8428
7720
-1
-1
-1
5702
-1
282
9873
-1
-1
-1
5924
1139
5097
7652
3319
9438
-1
-1
4894
-1
9969
5782
-1
-1
4693
-1
9117
-1
-1
-1
7333
-1
-1
-1
2126
-1
-1
-1
8314
-1
-1
4463
-1
-1
8748
8250
5668
-1
-1
9675
-1
-1
851
5833
-1
-1
7236
-1
-1
-1
9296
4671
-1
-1
6538
-1
-1
-1
6865
-1
3485
6426
4424
3956
4321
1960
1165
-1
-1
9119
3313
6273
1288
-1
6630
2798
2734
4887
3422
-1
-1
-1
-1
6162
6818
-1
-1
2290
-1
-1
-1
4709
-1
-1
1416
-1
1191
4115
-1
-1
7581
-1
8889
-1
-1
-1
-1
-1
5477
3238
933
-1
734
7485
-1
8018
9311
-1
-1
-1
7688
3570
3170
354
-1
7597
-1
-1
-1
-1
-1
-1
8590
7090
9452
-1
5345
-1
-1
-1
9448
-1
-1
-1
-1
2629
4461
-1
4652
8619
5207
-1
-1
1531
6711
6774
1803
4534
-1
-1
2277
-1
-1
-1
-1
-1
-1
-1
-1
-1
-1
-1
9348
-1
-1
-1
-1
-1
8900
791
-1
4083
4874
9777
-1
-1
8934
2818
8364
579
8264
6783
-1
-1
461
-1
5004
6263
1599
-1
27
-1
-1
3944
-1
-1
1303
-1
999
6339
2731
-1
-1
6835
-1
-1
728
7937
-1
-1
4182
8827
-1
-1
2958
5512
-1
-1
-1
8689
6461
3263
-1
-1
-1
8573
-1
-1
9398
311
-1
-1
-1
-1
8293
-1
-1
5227
542
6472
-1
-1
2933
6878
2403
-1
-1
7988
-1
248
-1
-1
-1
-1
-1
8952
-1
-1
-1
7383
-1
6040
5200
2150
9268
-1
-1
8042
-1
1770
-1
-1
-1
8524
-1
-1
-1
-1
1013
3910
4931
8801
591
8458
-1
-1
6557
2371
-1
7833
6889
94
5318
-1
9860
4704
7519
1107
6613
-1
-1
-1
8382
3770
-1
7980
2012
9015
1579
-1
2892
-1
1331
8865
1913
-1
8405
4855
-1
-1
-1
-1
-1
-1
4960
-1
1457
-1
-1
-1
3861
59
-1
-1
7514
635
5741
-1
-1
9399
-1
2292
1145
8530
6997
95
6425
-1
-1
7906
-1
-1
7138
-1
7880
-1
-1
-1
-1
-1
8101
-1
-1
9240
-1
-1
993
2753
-1
-1
5620
6447
7102
-1
-1
1230
-1
6360
-1
9695
6761
6422
-1
-1
-1
-1
-1
5828
-1
1892
-1
-1
432
5969
-1
-1
2784
-1
-1
296
2376
537
-1
5410
5487
-1
-1
9665
3998
4764
4152
219
-1
5430
-1
8284
5455
9380
7362
-1
-1
-1
-1
4945
-1
9798
4847
3838
9319
7972
1877
-1
8277
-1
7297
859
2397
-1
2409
-1
9859
9436
-1
1999
-1
107
8065
1758
3623
-1
6772
3478
-1
-1
-1
1214
368
-1
585
-1
9430
-1
7035
5184
9710
-1
-1
272
-1
-1
-1
4648
2889
1170
-1
-1
5231
9467
4451
4592
-1
1534
4218
-1
1613
2288
-1
9405
9298
4454
-1
-1
5212
-1
5862
-1
9178
-1
8279
-1
6635
7324
3468
8251
-1
6851
1027
-1
-1
-1
3040
388
4521
3692
610
-1
3740
8626
-1
9598
6990
-1
18
6966
7387
-1
7543
8022
-1
7961
1041
-1
3280
-1
9222
7540
9664
-1
-1
23
-1
1514
-1
3248
-1
7536
-1
7088
5485
3042
-1
4007
-1
5502
7682
3400
1939
-1
855
-1
-1
-1
2442
-1
-1
6333
2806
-1
-1
-1
6030
4713
3702
-1
-1
-1
-1
-1
4751
9103
9426
6180
-1
-1
1414
-1
1454
-1
583
-1
4514
-1
6877
934
-1
-1
2751
-1
-1
-1
-1
-1
-1
1173
-1
-1
-1
5970
-1
-1
-1
-1
-1
-1
-1
-1
3082
-1
-1
8211
9790
3686
5501
-1
-1
529
3189
-1
-1
6019
-1
973
-1
619
-1
6390
942
-1
6369
2490
3791
1372
6836
-1
-1
-1
5563
-1
-1
-1
-1
9692
7473
-1
-1
4235
-1
716
-1
2239
6354
-1
9808
-1
-1
7066
-1
-1
-1
7157
-1
-1
-1
4647
-1
1510
2038
-1
-1
-1
6348
-1
-1
1453
-1
-1
8734
-1
-1
-1
-1
7504
-1
5670
147
9019
-1
-1
4604
-1
3609
6320
-1
3111
-1
4971
6384
3213
5446
5994
-1
6048
-1
-1
9008
6061
1301
-1
9631
292
1976
7488
-1
1253
309
-1
-1
3453
860
3081
7533
-1
5795
-1
-1
4762
-1
1117
-1
-1
-1
-1
-1
-1
3719
9727
-1
1001
3104
9756
3032
-1
-1
-1
3148
-1
-1
1434
8883
9578
-1
-1
5771
-1
284
-1
102
1129
-1
8971
7093
8863
1651
3581
4921
-1
4247
1216
9954
-1
5827
-1
7923
-1
5373
-1
6314
3991
-1
8980
-1
-1
-1
2691
8244
-1
6957
-1
3657
7845
2446
5466
4487
9481
-1
-1
-1
-1
6302
8825
-1
-1
7308
-1
5519
-1
9815
-1
-1
-1
-1
-1
3831
6163
3067
4488
5029
-1
500
5241
-1
-1
-1
5601
5739
-1
-1
-1
-1
4384
6007
-1
-1
-1
7791
9494
-1
8004
-1
-1
5289
4346
-1
264
8342
-1
-1
-1
-1
1261
4239
626
-1
-1
-1
-1
-1
-1
490
9043
2160
-1
-1
-1
3864
7801
5150
-1
9415
8836
-1
-1
5448
-1
-1
3036
8976
9096
9960
-1
-1
-1
-1
-1
-1
1947
-1
523
3583
6431
3584
7043
760
756
-1
-1
-1
-1
-1
-1
3994
-1
-1
7579
-1
-1
1488
525
196
6603
-1
-1
6524
-1
5011
-1
8549
-1
-1
-1
-1
-1
9540
-1
3568
-1
-1
-1
-1
-1
-1
2187
2462
-1
-1
-1
6331
5019
7256
5063
-1
-1
-1
481
1768
-1
9072
-1
-1
-1
8939
-1
-1
-1
9596
6291
-1
-1
-1
-1
-1
-1
556
5957
-1
5654
9970
8442
7731
-1
-1
-1
2028
2577
1125
-1
2042
-1
-1
1164
169
7499
8638
5176
2218
9944
4689
-1
5151
5807
-1
-1
-1
-1
266
-1
-1
-1
-1
5507
4040
1135
6446
-1
-1
-1
8084
-1
-1
-1
3157
1398
-1
7211
-1
8074
766
-1
2340
1323
7336
9556
-1
-1
8082
-1
-1
-1
7242
5026
7874
-1
5438
6870
7442
6539
-1
515
-1
-1
-1
-1
-1
-1
9100
5740
-1
-1
-1
-1
-1
7513
6434
8910
-1
2000
9519
2567
-1
1738
-1
8030
9609
7397
1931
-1
75
3504
8860
-1
-1
5648
-1
8421
-1
-1
-1
-1
61
2116
-1
1451
9041
-1
943
-1
9350
3500
2360
-1
8222
-1
3234
-1
1835
3019
-1
-1
-1
9226
-1
-1
9390
-1
-1
-1
-1
-1
8404
-1
-1
4236
-1
-1
-1
8120
6488
-1
-1
-1
1004
3924
-1
5634
-1
-1
-1
-1
5964
-1
-1
-1
-1
-1
1561
6366
-1
4178
-1
-1
7729
-1
969
-1
8773
-1
-1
7881
-1
1597
-1
9280
7566
2090
2008
485
-1
8253
2791
-1
-1
8763
-1
2742
-1
1071
-1
6375
9175
-1
-1
-1
-1
-1
-1
5324
-1
4556
-1
957
-1
-1
-1
2451
1241
9936
-1
-1
7416
9630
-1
7900
-1
8841
-1
6794
-1
594
375
-1
9156
8097
6683
-1
2749
1313
-1
-1
-1
8675
-1
-1
8539
3266
-1
5137
-1
507
5619
-1
41
-1
5395
3806
-1
5999
2011
3647
915
9215
-1
9902
2821
-1
7873
-1
-1
4630
-1
-1
-1
-1
6813
5183
3975
2332
-1
138
7176
-1
6208
-1
-1
6295
6400
-1
-1
-1
9281
9027
-1
2365
-1
-1
-1
-1
3946
-1
8583
-1
8345
6518
1248
6826
493
-1
2227
9719
-1
-1
4833
-1
8700
-1
5015
-1
6454
3793
6006
1096
-1
918
-1
4165
6269
8331
-1
8789
6240
-1
6365
-1
6693
2642
-1
-1
-1
-1
9275
-1
6234
-1
5479
3183
-1
7747
-1
5530
-1
5567
-1
2882
-1
9807
8874
-1
4958
3750
8627
6131
1921
3260
-1
-1
-1
-1
-1
7229
-1
7951
-1
6717
3057
9255
2399
6423
3187
-1
-1
6873
5745
-1
688
-1
9529
7505
6216
-1
2730
-1
-1
6356
3575
-1
8243
8585
-1
6315
-1
-1
-1
8001
-1
-1
-1
3728
-1
-1
392
-1
7260
4998
-1
776
-1
150
-1
-1
-1
9618
2541
5966
5725
-1
6974
5655
289
-1
6181
4720
2115
3753
-1
-1
8979
-1
-1
-1
5885
1970
-1
3725
-1
-1
1615
-1
-1
-1
4576
-1
-1
-1
4004
-1
9765
2383
-1
4804
5266
8334
7194
3762
-1
7602
-1
-1
-1
134
-1
4643
-1
7521
-1
765
5556
5270
-1
-1
-1
1197
-1
-1
-1
-1
-1
-1
-1
5354
-1
6575
4599
5772
-1
-1
-1
-1
4227
-1
-1
4913
-1
7374
4483
7647
2022
-1
-1
2555
5842
5666
4029
5950
9055
4000
-1
1369
-1
2827
8673
7134
1677
8263
-1
-1
-1
8513
805
-1
9725
-1
-1
-1
4558
-1
-1
-1
1971
-1
-1
9476
-1
1385
-1
-1
-1
387
1320
161
5687
8274
-1
9541
3535
-1
6824
8197
3616
9757
-1
-1
4017
6667
-1
8662
-1
9224
-1
1619
8070
-1
1544
9620
5717
8776
-1
-1
698
5627
-1
5379
-1
6244
-1
-1
1917
-1
7815
-1
-1
4845
-1
-1
-1
-1
-1
-1
-1
3366
4063
1797
4426
-1
-1
9435
-1
4852
-1
-1
1052
3451
-1
-1
-1
-1
-1
5279
-1
2043
-1
-1
5432
1538
8119
4361
-1
9909
5316
-1
-1
1637
-1
5732
-1
1850
5415
-1
-1
7702
-1
-1
2604
6606
-1
-1
4181
-1
8229
6095
2622
-1
719
9320
-1
1926
4003
-1
4305
-1
407
4645
873
-1
4770
-1
-1
-1
-1
-1
-1
6923
239
208
-1
9331
-1
3459
-1
-1
5052
-1
-1
3496
359
981
-1
2559
4665
-1
-1
8294
-1
-1
-1
-1
8663
567
3335
2201
-1
-1
4057
1929
-1
1003
-1
2285
-1
-1
7693
2911
-1
6140
-1
-1
4587
-1
3408
9564
1499
-1
-1
4815
-1
-1
-1
3208
7732
1099
8556
-1
6281
3071
-1
-1
-1
4287
-1
-1
-1
7444
5262
-1
3346
-1
4313
-1
9713
-1
848
-1
5165
-1
305
-1
-1
-1
-1
-1
8657
-1
321
-1
-1
2680
5937
-1
-1
-1
9919
2205
-1
5276
-1
-1
-1
-1
8023
-1
1168
7063
-1
4414
6147
1032
1661
-1
-1
6741
5689
7754
-1
-1
-1
-1
-1
-1
3850
-1
5497
8020
-1
-1
4130
907
-1
-1
9562
-1
-1
3445
-1
-1
-1
-1
6466
3745
7412
-1
-1
3967
6228
-1
1302
9338
-1
9428
104
8008
-1
3374
2110
-1
-1
9890
806
9279
2815
-1
5392
-1
4157
-1
-1
-1
-1
9417
7991
-1
3980
-1
-1
3607
-1
-1
7637
-1
8803
28
-1
-1
-1
-1
9904
9788
7508
5591
5956
-1
-1
-1
1530
980
-1
-1
3283
-1
-1
2998
-1
-1
-1
-1
6623
-1
2547
1749
-1
668
6417
5182
5172
-1
-1
-1
731
-1
4353
5085
-1
-1
9534
3333
-1
-1
7998
9273
-1
-1
-1
2851
-1
-1
-1
-1
189
2027
6501
-1
5010
3580
-1
573
-1
-1
-1
9033
3970
5503
4420
-1
3224
6051
3182
5292
858
9584
-1
-1
5837
2563
-1
7677
8730
6292
-1
212
2439
-1
6940
-1
-1
-1
-1
-1
-1
-1
-1
5208
-1
5040
-1
6567
-1
405
1490
8220
-1
-1
8475
-1
5002
4934
5552
-1
9931
-1
9923
9458
1881
1278
-1
7281
4339
-1
-1
-1
-1
-1
447
-1
-1
-1
5132
-1
5664
-1
6388
-1
-1
8370
-1
-1
-1
9323
-1
-1
-1
-1
8143
-1
-1
-1
647
6752
4559
2697
4912
-1
8951
1880
-1
-1
6849
-1
7478
3808
-1
-1
552
-1
-1
-1
-1
4074
864
-1
-1
-1
295
-1
5218
-1
8559
7169
6324
-1
-1
5658
-1
8158
-1
2920
3258
4856
-1
-1
-1
-1
-1
-1
-1
6105
4594
-1
1093
-1
-1
3406
5906
-1
-1
5697
403
-1
-1
-1
7303
602
7254
-1
7227
894
-1
8942
-1
-1
-1
683
-1
3681
6194
2209
-1
-1
-1
-1
5659
8303
9687
9570
-1
8431
3291
9377
-1
-1
1061
8775
4447
-1
8903
279
-1
-1
-1
-1
-1
863
-1
9502
3852
5359
365
7212
-1
2688
-1
-1
-1
-1
-1
6679
7764
9011
-1
9805
-1
9466
8402
-1
-1
-1
-1
-1
-1
0
4278
-1
-1
-1
7106
8258
9787
6407
7892
1639
-1
6724
-1
-1
-1
-1
448
3892
8413
-1
1709
-1
5905
3393
-1
7773
5418
7050
5161
-1
-1
-1
-1
-1
-1
2382
-1
4598
-1
9723
-1
157
-1
-1
5900
8902
-1
4412
325
5155
687
-1
2164
-1
7818
-1
-1
-1
-1
-1
-1
-1
-1
3614
5352
7305
-1
8154
-1
-1
3180
5344
-1
3844
9402
-1
8061
3722
-1
-1
2787
5621
1258
6498
8007
8361
-1
-1
-1
2976
-1
928
7371
-1
-1
-1
-1
4653
5315
5587
-1
-1
642
-1
-1
4072
2111
825
-1
-1
990
582
6069
-1
8357
-1
7417
-1
3508
3407
-1
4349
-1
-1
7546
-1
-1
-1
-1
9040
-1
-1
-1
6280
1018
8855
3733
-1
3165
-1
5919
9251
-1
-1
-1
3896
-1
9778
-1
8507
-1
-1
-1
9346
-1
-1
-1
-1
1785
3559
1029
-1
774
7686
-1
2859
-1
-1
-1
-1
-1
-1
-1
-1
4395
3863
-1
-1
3903
6911
9000
-1
-1
9137
6781
4810
-1
-1
-1
-1
-1
7204
-1
-1
-1
-1
-1
-1
4662
6659
-1
-1
-1
-1
-1
-1
-1
967
-1
5328
6311
7024
-1
7555
-1
-1
6983
111
-1
9579
926
4868
2289
-1
-1
-1
9367
-1
8187
-1
6726
-1
5657
-1
-1
7667
8984
-1
-1
1310
-1
9531
438
-1
-1
9782
-1
6646
-1
3805
4105
3690
1573
3498
-1
-1
1252
-1
-1
1641
-1
-1
7804
-1
-1
-1
-1
8418
1933
2103
-1
3241
4314
2105
5192
-1
5468
-1
-1
-1
-1
648
5332
-1
2134
7955
-1
4608
-1
-1
8138
3714
6421
-1
-1
-1
9700
-1
9891
9703
-1
-1
-1
3252
-1
-1
-1
2572
5910
887
7913
6640
-1
-1
8967
606
-1
-1
-1
7598
-1
-1
7205
-1
6367
9545
-1
6976
5294
-1
6788
-1
-1
8449
8454
9528
-1
-1
-1
-1
-1
2797
8191
4153
9927
-1
2050
4933
7645
4708
944
4039
-1
3731
3905
8463
8520
-1
-1
3022
-1
6062
-1
3990
-1
6389
-1
4429
-1
-1
3876
9155
1838
9361
8669
-1
3018
2834
-1
937
-1
6931
-1
-1
679
2522
8307
2946
6918
7806
-1
-1
1763
8131
-1
-1
2514
5704
5789
-1
4750
8936
8790
-1
-1
9816
9262
-1
-1
9223
-1
3341
-1
8126
-1
5998
-1
7357
-1
9732
5685
-1
-1
7819
181
6668
-1
-1
151
5500
-1
-1
5445
-1
-1
2489
2667
-1
-1
3002
5191
-1
-1
-1
6914
9093
7712
-1
9874
322
-1
4390
5686
-1
366
-1
6401
-1
8465
7683
-1
-1
4529
9769
2978
-1
2419
9325
-1
-1
-1
6089
-1
8584
8095
-1
-1
5640
-1
-1
8461
-1
4736
-1
581
-1
-1
-1
6610
2361
-1
-1
5821
6496
1100
2194
4080
-1
3860
187
1992
4895
-1
5082
-1
6844
-1
7010
1343
-1
-1
1702
9740
5186
-1
-1
-1
-1
3633
-1
-1
-1
-1
-1
7346
-1
-1
9381
6405
4542
8063
7117
306
-1
-1
-1
-1
5444
9243
5232
9751
-1
8833
8016
3272
7924
-1
-1
6888
-1
-1
6268
8913
-1
-1
-1
9179
6601
-1
-1
-1
-1
4389
1991
-1
-1
5459
-1
802
-1
4301
2359
1886
-1
-1
-1
2661
9369
-1
4644
-1
-1
-1
-1
725
-1
1932
-1
2515
-1
-1
1508
-1
-1
-1
2921
8128
7935
-1
-1
3030
-1
-1
4219
-1
-1
-1
5693
-1
-1
3074
-1
-1
-1
7928
8148
-1
3954
-1
3761
7762
-1
-1
753
674
-1
-1
4525
-1
-1
6090
-1
-1
9167
1435
-1
333
5435
7306
7455
91
-1
9392
883
2342
-1
-1
6310
-1
2099
4808
-1
-1
5752
5283
-1
8908
2736
3872
-1
-1
3986
-1
-1
5633
-1
8306
6816
3741
938
4919
5338
1026
301
916
4137
-1
-1
-1
-1
-1
-1
-1
8358
7108
-1
-1
-1
-1
-1
3777
-1
-1
8005
-1
9174
564
-1
-1
-1
-1
-1
-1
8593
4569
-1
1864
7015
-1
7127
-1
4943
3748
8815
-1
-1
1743
-1
3423
-1
6413
-1
9480
-1
2574
-1
-1
-1
9755
5230
-1
-1
9736
-1
9750
-1
5976
889
-1
6681
-1
7047
-1
4335
4680
5509
868
-1
956
4212
8817
-1
-1
7708
-1
-1
-1
-1
5353
5641
3572
1963
8397
-1
-1
1111
-1
-1
5401
-1
3703
7012
4927
7099
-1
-1
-1
-1
1280
3394
-1
-1
-1
-1
-1
-1
-1
6747
9716
1721
-1
3310
2519
9992
4930
5873
-1
-1
-1
6949
6927
-1
8610
2349
-1
-1
-1
-1
-1
-1
-1
-1
-1
9376
299
-1
6420
-1
-1
420
2476
9475
5087
7907
-1
-1
6864
-1
-1
3799
1034
-1
-1
2437
1621
1498
7608
4864
-1
-1
8271
9479
-1
2677
3015
9746
1616
5653
-1
-1
9658
-1
-1
8601
2421
6515
4842
7800
1361
-1
-1
-1
-1
2337
8896
-1
2885
-1
-1
-1
4244
1736
-1
-1
5368
-1
9802
8434
4126
1973
4679
9955
6933
-1
5575
-1
-1
-1
-1
9950
2500
-1
-1
2076
-1
-1
-1
-1
5077
8322
-1
-1
8652
-1
-1
1106
-1
4536
-1
7326
-1
6027
1837
-1
-1
1750
4940
7767
-1
8941
-1
-1
8798
2971
-1
3456
3145
3282
4877
1432
154
-1
3134
-1
-1
4922
6552
-1
7939
1760
4818
-1
9483
6751
-1
2992
7973
82
-1
-1
-1
-1
7440
-1
-1
-1
6115
9138
-1
-1
-1
-1
-1
3435
-1
-1
1124
7525
-1
-1
3102
-1
-1
4717
-1
9865
-1
5145
4246
-1
4095
3639
7091
7529
-1
1840
-1
3588
2888
6245
8273
8349
8820
-1
-1
-1
-1
6436
5181
-1
-1
4408
3677
-1
7838
3143
-1
7322
-1
750
-1
8125
-1
-1
3815
4136
8464
5675
-1
-1
4551
5142
-1
-1
2625
3513
2433
-1
1581
-1
-1
3240
7634
4639
2243
1284
-1
-1
2236
4502
-1
7414
-1
-1
-1
-1
-1
-1
-1
5727
9809
5566
8034
4442
2829
1952
-1
925
7629
-1
-1
-1
-1
9676
2777
6014
6503
4014
-1
-1
-1
-1
-1
-1
7735
6107
-1
-1
-1
9203
8751
5491
7158
-1
7569
6410
-1
3244
-1
8298
271
6714
-1
-1
-1
-1
-1
4418
-1
3194
7288
4669
7077
7912
6551
7216
-1
5219
-1
2493
-1
-1
3963
-1
-1
-1
9456
9548
5301
-1
1321
8067
6206
1337
-1
-1
-1
-1
9507
-1
3229
-1
122
-1
4009
6607
1306
3061
6705
-1
-1
3653
9966
6482
6373
-1
3006
-1
-1
7258
2600
-1
9595
7403
2447
1737
-1
5912
-1
-1
9646
-1
4325
-1
-1
-1
4013
5916
-1
255
-1
6012
-1
-1
433
-1
2158
-1
166
-1
8718
-1
2502
-1
4660
1568
-1
-1
-1
262
2706
-1
6922
-1
-1
9449
-1
692
1964
-1
-1
2219
4150
-1
-1
-1
-1
-1
5547
-1
-1
-1
5707
-1
-1
-1
-1
-1
-1
5729
3928
-1
2226
5559
-1
-1
-1
-1
-1
9855
-1
-1
-1
-1
-1
6396
-1
1567
-1
1122
2135
2853
-1
-1
5584
-1
8521
-1
-1
-1
-1
-1
3520
2867
3710
-1
3530
7226
-1
8747
6959
8416
-1
-1
-1
6502
-1
-1
-1
6099
-1
6078
8092
-1
-1
3342
-1
-1
1751
-1
-1
-1
6008
9825
-1
125
9309
794
9749
-1
4771
-1
6020
-1
-1
-1
4605
9306
-1
-1
-1
3796
-1
-1
1270
76
-1
-1
488
-1
3014
9278
-1
-1
5926
-1
5346
-1
6770
-1
8385
2879
-1
-1
7628
1829
-1
-1
-1
5424
-1
7161
-1
7879
3866
-1
5959
1177
-1
-1
1714
8415
-1
2183
-1
-1
-1
-1
-1
-1
-1
-1
-1
3532
494
9214
-1
7537
1389
6150
-1
-1
-1
5070
-1
9157
1562
8122
-1
8071
9195
430
5683
5705
-1
7238
-1
-1
-1
1403
2923
576
5189
251
-1
4253
1918
-1
5228
2210
308
4032
-1
695
4699
-1
-1
7640
-1
-1
-1
-1
-1
4700
-1
-1
6642
-1
-1
1507
-1
352
7681
7448
2178
-1
4528
-1
-1
6673
-1
-1
4840
872
2652
-1
652
-1
-1
-1
-1
3632
5403
-1
4282
1059
-1
-1
8488
-1
5780
5441
-1
-1
1778
7956
-1
-1
-1
-1
-1
6009
-1
-1
5935
6857
2313
961
1652
3902
7726
-1
-1
4331
598
503
-1
-1
-1
-1
4883
-1
